W,Ta,Mo,Nb,Zr,Ti
26.5119,25.1359,2.6129,35.7393,7.6603,2.3397
23.5174,2.9564,12.3698,51.1564,4.6048,5.3952
16.9755,8.4904,16.4387,48.0954,6.8202,3.1798
5.2386,34.8776,41.7956,8.0883,4.3988,5.6012
22.8517,27.1781,5.8909,34.0793,4.7052,5.2948
45.2678,11.0498,20.9959,19.3517,0.3504,2.9845
22.6783,24.2444,28.9148,15.0067,0.5851,8.5706
30.7548,17.3073,29.4594,12.4785,3.5419,6.4581
49.2413,3.9403,8.8173,31.9624,2.5628,3.4758
0.9575,25.9485,31.8313,37.5853,0.0941,3.5833
32.2613,10.6137,12.3272,34.7978,8.1328,1.8672
17.4482,38.0186,11.519,23.0142,2.5816,7.4184
1.4532,29.6159,24.1474,43.8137,0.319,0.6508
8.7317,25.9578,34.1947,21.1157,4.1887,5.8113
33.6306,18.258,32.5951,7.9634,0.0872,7.4658
21.3504,19.762,34.7394,15.2627,8.1284,0.7572
26.39,49.0879,1.1102,13.4118,5.6313,4.3687
11.1535,46.9237,23.0141,8.9087,3.3431,6.6569
46.2089,6.0171,2.2632,43.0409,0.0001,2.4698
4.508,36.1935,49.0511,0.2474,6.8694,3.1306
34.3773,47.0674,4.8502,3.9806,2.77,6.9545
1.0365,31.2375,24.5798,33.1461,7.8979,2.1021
34.0671,28.5248,28.1829,2.1145,4.5809,2.5299
6.9649,50.769,1.5493,30.878,3.7933,6.0454
17.7259,26.0666,27.3477,20.4569,7.7238,0.6792
47.5895,16.9726,5.1815,20.2564,5.5583,4.4417
18.1898,34.1385,29.7285,15.5758,1.3799,0.9875
31.8421,3.7869,36.7746,23.6229,2.4556,1.5179
24.2391,28.2336,13.2618,24.2655,5.7655,4.2345
15.6175,16.0073,52.3222,7.9876,2.3766,5.6889
42.7939,25.1754,7.8605,17.8764,5.5663,0.7274
36.7059,12.66,35.8991,4.735,6.7445,3.2555
13.847,38.6042,13.0584,31.1325,1.4487,1.9092
29.4733,30.195,4.1685,26.1633,4.0796,5.9204
28.7389,15.5818,37.3236,8.3558,5.2962,4.7038
43.9787,3.2197,37.3031,9.4402,4.9904,1.0678
12.6384,20.1326,29.2397,27.9893,7.1449,2.8551
8.4972,2.0006,61.7952,17.707,2.0617,7.9383
11.4883,12.6598,40.7363,31.3882,1.3636,2.3638
16.9639,21.5657,19.7625,31.7078,5.1358,4.8642
13.9886,22.5805,23.1032,30.3277,6.7905,3.2095
21.1978,25.5557,39.8793,4.4719,1.2896,7.6057
23.3588,8.965,31.5533,32.3492,2.0163,1.7573
4.8317,24.9813,44.8977,17.5155,4.3712,3.4026
36.3163,2.0074,41.0738,10.6025,8.7118,1.2882
13.0612,46.1814,17.8506,12.9068,5.5785,4.4215
55.3405,9.0558,13.8242,19.8039,1.093,0.8825
14.8214,54.3789,17.7085,3.0913,8.3261,1.6739
3.8469,31.7771,20.8532,40.0099,0.819,2.6938
31.6328,3.1566,12.2038,43.0067,5.4318,4.5682
31.7849,32.1294,17.6346,8.451,4.1976,5.8024
4.7836,53.5619,32.0852,4.4559,2.7772,2.3363
29.1422,17.8272,18.2295,24.8011,7.9043,2.0957
23.0209,1.5755,25.2635,41.7162,6.8891,1.5349
23.0263,33.7851,26.9931,13.4836,2.036,0.676
29.1394,5.9161,29.2458,26.403,7.4949,1.8008
39.7027,16.0605,1.7694,38.9768,1.2426,2.2481
29.2383,27.2395,17.7309,22.6585,2.7946,0.3382
28.8496,23.8087,15.0058,23.1034,2.544,6.6885
20.0375,7.2736,30.1874,32.6421,7.5992,2.2601
4.9333,35.3245,23.7342,26.0079,4.0145,5.9855
18.224,27.9118,20.0362,24.6725,5.4161,3.7395
18.435,17.5277,16.3839,39.2282,0.132,8.2932
29.012,18.1268,39.799,4.0994,8.1656,0.7972
26.2264,30.4746,10.162,23.137,1.7001,8.2999
9.4012,7.4733,46.7836,27.2025,5.6416,3.4978
21.1397,48.238,15.8346,12.3524,1.45,0.9852
39.0487,43.073,2.4521,5.4262,4.41,5.59
26.4528,51.9753,9.1955,2.3764,5.5969,4.4031
44.2407,37.6462,3.4923,4.6208,3.2921,6.7079
18.5437,26.1956,3.699,44.6326,0.7107,6.2185
28.6589,11.6278,14.7908,37.2972,7.2071,0.4181
7.7445,15.0312,39.3826,32.2759,3.9524,1.6134
22.7561,38.7491,23.1207,10.3483,2.7608,2.265
32.7557,21.3287,24.7638,16.7425,3.0468,1.3623
34.882,20.3545,9.944,27.3483,6.9425,0.5287
22.2461,12.5105,44.8997,12.732,5.8144,1.7973
39.7679,0.4084,38.5756,13.366,5.0669,2.8152
32.1197,3.2061,2.4442,53.484,3.7008,5.0453
8.826,15.7336,44.8518,28.0587,1.2233,1.3066
28.1427,11.9146,31.7963,18.1464,6.8284,3.1716
30.4309,18.1481,5.1932,36.5204,1.6956,8.0118
14.8137,13.741,28.9555,32.4897,5.2315,4.7685
23.0685,7.5152,22.4945,38.7876,7.1405,0.9937
38.3378,1.4197,28.468,21.7745,6.1243,3.8757
3.0142,47.6191,33.1485,6.2182,6.1501,3.8499
22.8221,39.6491,23.4002,4.1287,0.0981,9.9019
11.8406,26.3042,36.9086,16.6963,1.324,6.9264
28.7895,37.5904,13.1463,15.3289,3.3429,1.802
19.2846,30.1924,31.5873,10.8373,1.406,6.6925
22.0483,11.4767,30.3103,26.9896,3.0385,6.1365
7.7919,4.7835,29.242,48.1826,8.2178,1.7822
14.2474,11.3924,22.5453,46.6969,1.1961,3.9219
9.6132,3.4342,44.4463,32.5063,4.2363,5.7637
24.4386,13.7416,50.6842,4.9146,1.6338,4.5871
3.593,34.0038,23.0356,34.5329,2.7886,2.046
39.9044,20.7353,4.638,24.7224,2.793,7.207
28.1213,22.9696,18.0237,21.2667,0.9285,8.6902
26.6132,12.7113,30.1668,20.5087,5.5012,4.4988
27.8823,31.0883,34.3307,2.0794,2.9581,1.6612
20.168,17.1614,3.8421,48.9248,9.1894,0.7143
28.0383,18.5322,23.6115,21.4711,4.7447,3.6023
25.1868,3.8943,24.4332,36.4857,1.4165,8.5835
12.1179,27.5653,27.8478,23.1617,2.1895,7.1178
37.8851,2.2682,12.1902,37.6565,5.6789,4.3211
18.2827,13.0037,27.9618,31.3877,1.4352,7.9289
41.6815,14.608,26.4593,7.2511,1.8397,8.1603
18.2883,24.7509,39.3083,10.4136,0.8286,6.4103
14.241,21.5048,33.4032,20.851,5.6098,4.3902
7.0204,85.0465,0.874,2.8873,1.6519,2.5199
19.0228,15.7031,27.6701,27.604,4.3243,5.6757
18.6031,27.5605,34.0415,9.7949,5.5664,4.4336
12.2376,18.4964,11.737,47.5471,2.3368,7.645
25.7154,27.8482,17.3326,23.3171,2.9731,2.8136
4.4551,26.2193,48.2706,11.0549,5.2808,4.7192
27.6405,9.1297,1.3407,57.5228,2.7309,1.6353
14.1727,28.8176,24.2875,26.7992,1.0292,4.8938
26.0415,24.103,27.0852,12.7703,7.2045,2.7955
19.8859,17.7561,22.9228,31.6594,5.9594,1.8164
31.747,10.1082,22.1976,25.9471,3.1634,6.8366
28.8533,22.7355,20.0278,18.3834,3.6552,6.3448
24.9175,24.3054,16.2737,24.5034,7.3554,2.6446
45.0895,33.3272,6.8203,8.0403,0.2909,6.4318
30.2816,32.8114,22.4327,4.4743,5.0542,4.9458
15.1077,40.4953,12.9771,29.7572,0.1479,1.5148
2.55,20.3407,44.5748,27.8917,1.8235,2.8192
29.0542,37.618,25.8805,3.4562,3.1744,0.8166
29.049,27.1205,2.3638,31.4667,2.8829,7.1171
22.2272,21.5499,23.9918,23.1802,1.2272,7.8238
5.6598,50.4494,25.5528,17.1369,0.5685,0.6325
36.4594,15.1303,3.8054,34.6049,3.0738,6.9262
18.1015,17.2293,7.9063,46.7629,1.8608,8.1392
33.0345,13.0666,17.4645,27.1219,0.4308,8.8817
30.5159,20.5082,15.4825,23.4935,4.0742,5.9258
7.7541,45.3982,22.0169,17.4985,4.8181,2.5141
18.8375,18.3585,25.669,27.135,7.1229,2.8771
15.7406,30.6658,22.7175,20.8762,4.3332,5.6668
29.0877,12.1151,16.4417,32.3554,6.4227,3.5773
14.822,33.7307,21.3834,20.0639,2.3302,7.6698
26.2347,2.4806,27.3954,34.4343,0.4553,8.9997
37.8929,0.2579,12.5392,43.4913,5.6571,0.1616
38.8354,8.5369,4.9716,37.6561,5.129,4.871
26.3502,29.5745,1.9144,33.8507,2.129,6.1812
14.2064,21.3033,28.2464,33.8888,0.0157,2.3394
4.324,37.547,1.7475,49.1204,5.2696,1.9914
27.785,17.613,14.6296,33.1714,2.437,4.364
24.7278,11.2715,37.6745,23.6878,0.5564,2.082
6.9388,38.2846,33.8684,12.1875,0.7364,7.9843
24.0036,26.4164,4.3135,37.6261,5.0249,2.6154
21.049,3.301,23.0656,43.0658,7.9678,1.5508
22.5452,19.375,28.2167,19.8631,6.5258,3.4742
41.4517,7.9012,18.0647,23.8424,5.6175,3.1225
25.1744,7.2029,28.225,34.2001,2.4308,2.7668
17.9276,38.3507,17.5613,16.8615,3.5992,5.6997
25.4418,29.9966,5.6385,34.7582,0.3075,3.8575
20.9373,22.8326,2.1054,44.4142,3.4121,6.2984
57.3335,1.3661,7.7126,23.5878,5.2923,4.7077
46.9502,1.273,35.7158,6.061,7.0445,2.9555
35.2413,23.9119,28.2227,2.6242,1.8886,8.1114
52.517,3.6565,2.7578,31.0687,4.7124,5.2876
16.5097,24.3741,35.1346,17.1826,2.107,4.692
13.5454,18.1451,31.4787,29.083,3.2352,4.5128
14.3049,21.5562,29.2789,24.86,5.0088,4.9912
13.8837,7.0183,30.1403,39.193,6.3727,3.392
30.9631,14.0628,20.0371,28.0183,2.2416,4.6771
21.8737,24.758,26.2931,17.7537,7.4872,1.8342
16.0867,49.2298,14.2154,19.1762,0.2416,1.0503
13.8422,10.0273,41.4797,28.7162,1.2896,4.6451
36.6366,36.7961,14.7056,1.8616,2.7929,7.2071
10.9028,27.0242,34.1623,22.0218,2.0814,3.8075
18.8975,6.8066,34.9386,38.545,0.214,0.5984
27.3953,36.8883,4.2374,21.479,5.4403,4.5597
18.5465,13.7632,33.7977,25.0465,0.9327,7.9134
33.5129,18.474,6.3566,36.2397,3.9638,1.4529
23.6978,7.7441,28.9958,29.5623,8.922,1.078
23.7345,21.0883,30.7708,14.4572,1.41,8.5392
8.4573,7.7603,54.3699,21.4459,7.2754,0.6913
14.8018,55.2917,7.9651,11.9414,5.8936,4.1064
19.448,22.2943,13.1708,35.0868,5.8947,4.1053
23.4247,42.4266,8.8882,15.2605,5.8208,4.1792
25.4093,14.2664,41.6982,14.7316,0.0512,3.8434
14.2738,28.9428,26.9404,21.3841,2.9635,5.4954
18.3544,24.3081,26.8443,20.4932,3.5074,6.4926
8.1629,36.0646,36.3221,17.2748,1.4754,0.7002
38.4506,18.0474,4.57,32.8928,4.7916,1.2477
14.8805,15.3486,35.4178,24.9865,7.2108,2.1557
29.1273,26.3879,27.1015,8.8312,2.4296,6.1226
13.3172,51.0548,23.95,1.678,5.3637,4.6363
23.548,7.9854,37.8204,20.9376,5.319,4.3897
30.2596,36.0699,14.5571,9.1134,6.1363,3.8637
17.441,4.8266,55.5205,12.2119,8.6015,1.3985
40.648,3.886,15.5722,29.8938,5.1892,4.8108
6.4611,44.4091,37.4094,1.7204,1.4282,8.5718
15.5432,27.8246,36.5964,10.0358,8.2099,1.7901
44.3295,22.8361,7.6807,22.7235,1.9504,0.4798
39.4854,18.3637,16.7914,15.3595,3.7966,6.2034
17.643,11.333,35.575,27.5537,6.5754,1.3199
49.5959,5.8582,11.4888,23.0571,7.3502,2.6498
34.2284,1.3759,23.4701,32.3608,4.7824,3.7824
21.099,32.4594,28.2748,8.1669,4.6543,5.3457
37.3805,27.19,3.6939,21.7356,4.2,5.8
12.3222,35.588,29.4914,12.5984,5.4119,4.5881
24.9223,17.5702,24.3464,23.1611,7.1735,2.8265
31.0183,22.7123,27.8636,8.4058,2.6564,7.3436
0.7258,31.4608,26.9022,30.9113,7.0934,2.9066
21.7249,44.0544,12.2891,16.9715,2.4111,2.549
3.2914,25.1991,21.3263,40.1832,4.9868,5.0132
30.483,25.936,23.1332,10.4478,6.2125,3.7875
14.9372,6.42,58.9735,9.6692,4.3863,5.6137
47.6855,28.3148,15.0627,6.7988,1.9054,0.2328
22.976,34.9195,31.4825,0.622,7.5089,2.4911
31.3483,31.8733,3.088,23.6903,5.6239,4.3761
50.4473,22.4284,0.8045,21.5436,4.3856,0.3905
8.0664,32.2303,15.3498,34.3535,6.8609,3.1391
16.8002,33.2319,25.9027,14.0652,3.6465,6.3535
9.6454,27.0355,27.5955,25.7236,5.2973,4.7027
23.0632,30.4887,19.2121,17.7808,3.2646,6.1906
8.014,20.887,27.965,33.1341,6.38,3.62
29.8172,22.8897,7.2136,30.0795,4.9876,5.0124
35.1562,8.4097,35.0392,11.3949,7.7173,2.2827
13.2389,16.935,32.6791,32.1782,1.8211,3.1477
24.1274,27.2626,23.7324,22.4406,0.2462,2.1909
10.3284,25.7843,30.482,23.4052,4.5973,5.4027
34.5419,17.989,31.4991,5.97,4.3082,5.6918
30.3898,23.3251,11.175,25.1101,4.5747,5.4253
31.9608,27.7161,17.5102,21.5199,0.1393,1.1538
37.5563,16.3943,31.124,4.9254,1.7642,8.2358
15.2105,39.5764,0.882,39.2308,2.9348,2.1655
24.7457,12.1101,18.9671,38.434,0.8862,4.8569
24.5618,36.4851,16.364,14.8192,1.306,6.4639
30.1273,27.3773,31.4338,2.0505,2.7094,6.3018
25.7761,28.9467,5.8857,29.3915,5.8327,4.1673
35.6011,17.7343,10.0549,34.5315,0.0612,2.017
26.7756,30.9487,8.3073,23.9683,2.6547,7.3453
16.4281,22.178,27.709,23.6848,1.7521,8.2479
17.7181,26.3717,20.4213,25.4889,3.8255,6.1745
30.8711,0.7278,20.7322,37.6689,3.1021,6.8979
28.1659,40.8296,20.5736,1.8129,5.6751,2.9428
1.9023,42.2773,32.262,13.5583,5.489,4.511
23.4873,18.9404,19.8411,28.1798,7.1372,2.4141
32.6017,8.188,20.4691,33.0883,2.197,3.456
0.8865,12.7057,38.4509,40.9373,5.748,1.2715
38.2221,17.6433,22.2962,11.8383,6.3602,3.6398
19.009,20.2164,21.3162,29.4584,5.2666,4.7334
20.3111,27.0241,30.752,11.9127,7.2656,2.7344
21.2908,9.6642,36.4704,22.8489,1.004,8.7217
17.8433,29.7008,42.0172,4.6738,1.3203,4.4445
17.6784,24.6709,19.6216,30.9655,4.6422,2.4213
39.9618,18.0243,27.5989,4.415,5.2247,4.7753
12.3334,29.4716,25.5398,22.6552,4.9913,5.0087
7.7212,4.0375,46.4753,33.8075,5.4093,2.5491
11.0777,22.5059,37.1883,20.0117,2.1898,7.0266
22.5601,23.1233,5.2691,43.3317,0.6095,5.1064
16.3826,25.1942,5.8677,42.5555,5.2703,4.7297
8.0362,31.5836,25.2903,32.7931,0.1729,2.1239
24.9043,8.0305,13.1383,50.0989,3.4191,0.4089
38.3302,18.8468,6.5889,29.9042,5.7156,0.6144
35.5652,5.5711,28.2364,29.9157,0.1449,0.5667
23.6712,0.7123,25.9856,39.9332,5.0528,4.6449
21.2978,29.9259,14.7219,24.4701,3.0554,6.5289
5.5494,40.7153,18.9339,33.0977,0.4809,1.2228
3.5537,15.1494,30.772,40.5249,7.2265,2.7735
25.4069,42.8307,5.9708,21.3388,2.2675,2.1852
39.0459,35.2154,4.2074,11.5313,6.69,3.31
33.3263,24.6252,12.6234,21.9344,5.5074,1.9835
42.4311,11.5773,19.0463,18.6067,2.2844,6.0542
5.8328,8.3114,40.2604,35.5954,5.994,4.006
26.3283,22.9245,24.2614,21.6114,0.0343,4.8401
0.1146,23.1504,38.0541,28.681,3.4495,6.5505
16.6606,26.6722,27.1289,19.5383,6.383,3.617
14.5349,38.2926,2.1682,35.0044,3.8802,6.1198
22.1781,27.0674,27.7,13.0546,7.4022,2.5978
43.1852,10.6401,0.0801,36.0946,4.325,5.675
36.0481,2.2602,29.0601,22.6315,7.5341,2.4659
31.9047,0.9106,31.5521,26.9691,5.0908,3.5728
24.394,18.1263,21.0244,26.4552,5.3063,4.6937
47.4503,2.1531,15.8971,24.4996,5.1311,4.8689
24.8463,12.0979,32.8538,22.066,2.2811,5.8549
13.9214,13.4078,34.0794,29.2574,1.0158,8.3182
43.5285,9.3207,10.7153,26.4355,2.7713,7.2287
21.45,26.7576,12.0447,29.7477,6.8584,3.1416
2.643,27.3918,29.7469,30.2183,3.9907,6.0093
12.3856,40.8746,35.9823,0.7575,5.3775,4.6225
15.2018,16.7707,37.5091,20.5184,4.9901,5.0099
19.3852,25.4772,22.9687,22.1689,6.9527,3.0473
24.7755,14.4649,23.0779,27.6817,4.1953,5.8047
22.5756,8.3434,29.4233,31.4774,5.7582,2.4221
28.8545,15.3059,23.3254,25.3851,0.056,7.073
29.9807,30.7072,28.4484,0.8637,5.9382,4.0618
24.3286,10.3847,38.9945,16.2922,4.5763,5.4237
39.2008,31.1826,15.7919,10.5002,3.1543,0.1702
2.8348,13.8555,47.8596,27.963,2.166,5.3211
19.9492,10.4357,32.497,29.3478,4.8749,2.8954
37.1757,17.7546,14.755,20.3147,5.0393,4.9607
33.4041,16.1557,23.8992,23.5682,1.0583,1.9144
18.1836,6.1048,38.4275,28.5302,7.2759,1.478
16.4626,6.7142,26.7455,40.0777,4.6667,5.3333
23.6575,26.5398,27.3328,16.6926,3.6639,2.1135
2.5515,51.8309,0.5727,35.0449,3.4832,6.5168
10.5246,28.9015,14.8197,36.9262,7.0542,1.7737
13.3531,41.0898,3.8177,31.7393,8.4632,1.5368
32.136,12.7754,30.8177,16.9701,1.3568,5.944
11.7691,31.5976,24.4403,25.1206,6.3411,0.7313
21.3929,11.2304,15.3648,48.8189,1.0921,2.1008
20.2483,12.8294,27.5441,30.2698,4.2564,4.852
6.0039,28.2751,13.9966,41.7245,4.5732,5.4268
27.4649,12.5055,21.7548,30.6499,2.7934,4.8314
29.0927,40.8284,15.0454,10.13,4.6758,0.2277
9.2591,15.1633,26.8293,45.3495,2.7911,0.6076
18.1203,15.7006,32.6013,24.5187,5.3321,3.7269
17.4252,6.1005,13.3425,53.1318,5.1333,4.8667
25.0128,11.6428,42.28,11.0643,3.9751,6.0249
37.409,2.1015,19.9196,37.054,3.4278,0.0881
0.5273,36.8039,22.8851,29.7837,3.4596,6.5404
10.8006,25.8253,30.0556,23.3185,2.6455,7.3545
31.1537,21.8029,18.9267,18.1168,3.3763,6.6237
1.9078,47.3491,19.4669,27.0536,1.8401,2.3825
12.4208,25.352,40.3772,13.5295,1.4626,6.8579
20.1487,32.8118,17.7182,19.3214,4.8576,5.1424
36.2878,30.7974,16.3455,6.5693,6.6987,3.3013
24.0776,13.7232,30.0232,22.176,6.1063,3.8937
27.1002,31.1704,4.2768,28.4044,2.4517,6.5964
11.957,30.6092,22.3777,25.4616,2.7654,6.8291
31.5267,4.9527,47.4883,6.0323,5.7617,4.2383
9.6189,41.2499,31.3363,13.6909,1.3377,2.7662
16.538,28.5554,1.697,43.2095,5.5506,4.4494
29.8443,35.1148,4.0729,20.968,5.8422,4.1578
2.6023,31.4804,27.8022,31.2864,4.7128,2.116
20.4647,18.386,37.0307,17.8472,4.9995,1.2719
21.9355,24.7851,28.9397,14.3397,8.8443,1.1557
8.9206,39.6662,18.9099,26.5934,3.1918,2.7181
12.7781,16.3774,14.4979,51.0866,3.3567,1.9033
30.2847,5.1565,45.3644,15.6523,2.4575,1.0846
23.6937,26.9581,22.0524,17.2958,8.5819,1.4181
17.7296,30.3487,28.7257,15.2727,1.7003,6.223
3.3519,21.881,31.9182,32.8489,3.433,6.567
25.4759,35.7108,7.9138,24.4323,5.4144,1.0528
37.9853,11.8782,40.5222,5.3363,2.0041,2.2739
8.7052,21.6069,32.336,30.3131,2.0681,4.9706
28.7394,23.1434,25.7787,13.3494,2.9483,6.0408
28.0519,4.8461,34.5922,22.602,7.3672,2.5405
35.5787,8.8512,33.74,11.83,3.8452,6.1548
50.3985,9.3396,25.6772,13.6731,0.6085,0.303
14.9647,31.3359,19.6735,27.0859,4.1838,2.7562
1.9827,38.8617,49.42,4.7657,2.4257,2.5442
8.5348,5.9329,29.158,49.3643,6.4195,0.5904
25.7263,30.2674,16.1848,17.8215,3.5548,6.4452
34.5667,11.5707,36.2691,11.882,4.4285,1.2829
21.0789,9.8521,34.1226,24.9464,6.3803,3.6197
8.2326,42.5955,24.7978,19.7729,2.5669,2.0342
14.5646,65.7038,1.6706,11.8988,2.6569,3.5053
31.9863,33.8755,3.5496,23.614,0.8204,6.1542
23.7615,30.8232,11.8894,23.5259,4.9112,5.0888
41.4259,19.3357,10.2286,21.0435,7.3438,0.6224
11.8646,32.6346,31.8347,17.8242,5.4649,0.377
17.4849,28.3943,34.8891,9.2317,6.4627,3.5373
39.102,1.4318,18.6103,30.856,7.2703,2.7297
50.4744,13.0127,22.1262,4.3867,4.2844,5.7156
19.0626,23.0837,17.3952,33.9413,3.3829,3.1343
24.8425,17.1013,18.0434,33.9721,5.9327,0.108
27.3524,26.1817,15.9426,20.5233,6.1478,3.8522
55.4093,13.1617,0.2994,21.1295,9.6122,0.3878
39.5003,8.8922,0.448,44.2693,0.3185,6.5716
56.0176,24.4568,6.3899,4.7818,1.4813,6.8726
29.8875,15.0795,19.3707,27.36,4.8558,3.4464
17.2681,26.6754,22.2504,28.3486,4.7317,0.7258
2.3042,14.375,32.165,43.5277,2.4472,5.181
20.9344,10.1877,34.4392,24.4592,7.4859,2.4936
2.0695,11.5474,43.3996,32.9835,3.7056,6.2944
26.3009,30.1028,5.0937,28.5025,6.0183,3.9817
22.3977,17.1698,23.5375,26.895,5.3622,4.6378
27.2091,29.3268,32.6618,0.8024,3.7331,6.2669
29.4245,21.3612,14.0848,25.1295,1.478,8.522
34.39,11.1496,8.9649,35.4955,6.6787,3.3213
42.0607,4.0691,20.8353,23.7698,8.4361,0.829
28.9121,11.6847,18.2476,31.1556,5.3921,4.6079
31.5251,34.8425,14.5627,9.4943,2.1373,7.4383
18.6412,25.8445,30.8787,17.5606,3.4158,3.6592
14.3153,5.6083,18.975,51.1118,1.4072,8.5823
40.1377,12.6627,37.1218,1.235,7.383,1.4599
32.7017,29.9955,15.7605,11.5423,5.891,4.109
26.1103,11.9841,14.7981,40.1575,4.6041,2.3459
6.4415,46.1281,25.6196,11.8107,5.2409,4.7591
25.6796,11.1774,45.8134,9.7664,6.2887,1.2745
14.5801,25.418,7.5295,43.4754,3.4082,5.5888
19.1529,31.9402,30.9508,7.9561,3.9461,6.0539
15.6617,19.5396,4.6685,50.1301,7.0309,2.9691
39.732,14.3634,38.126,1.5469,0.6737,5.5579
9.6507,15.2159,35.19,29.9434,3.3409,6.6591
33.0896,26.2489,13.4542,17.5302,4.2869,5.3902
24.4408,26.5879,32.4185,6.5529,3.0232,6.9768
29.8587,13.9769,21.6486,24.5157,4.5837,5.4163
5.255,21.782,35.1916,27.7715,2.8484,7.1516
4.7421,60.1893,26.1358,5.5346,0.7502,2.6479
26.218,35.6473,24.8717,3.2629,3.4722,6.5278
11.1577,36.9605,35.3324,6.5494,5.2604,4.7396
20.3203,25.9645,13.5458,31.9235,7.6669,0.5789
16.7207,30.0767,9.617,36.3757,4.6989,2.511
23.13,9.6129,38.393,18.8641,5.5818,4.4182
52.6519,21.2001,13.9033,2.2447,4.7514,5.2486
26.4953,1.4346,39.9695,22.1007,3.4178,6.5822
21.411,25.5668,42.5406,0.4817,5.3462,4.6538
4.4788,38.5151,22.2617,30.9113,1.3477,2.4854
45.5654,7.294,13.6474,26.3078,3.6988,3.4866
9.9087,24.2875,18.2211,37.5826,0.9803,9.0197
16.7552,16.16,13.0013,44.0835,4.0116,5.9884
7.8063,3.5566,33.9422,44.695,6.6024,3.3976
18.959,31.9165,17.8485,21.2759,2.4583,7.5417
8.5464,20.2511,22.4857,38.7168,5.3181,4.6819
22.3822,10.2612,28.0971,29.2595,6.4271,3.5729
27.3693,18.5818,23.1136,20.9354,4.898,5.102
27.0834,10.6591,23.5683,32.3721,4.2968,2.0203
34.4467,2.7978,24.7937,30.1296,2.8433,4.989
10.6072,4.9442,15.9329,58.5158,8.4077,1.5923
20.855,7.753,28.8527,32.5392,9.2924,0.7076
6.8652,40.0214,22.4218,20.6916,8.363,1.637
2.3507,30.5398,31.4171,30.9616,4.0484,0.6824
19.6308,26.6779,17.3724,26.3188,3.5816,6.4184
42.4627,31.1409,15.3245,1.0719,3.125,6.875
26.6471,19.7018,27.0364,16.6148,3.8202,6.1798
27.0341,15.7969,20.8841,26.2849,5.1171,4.8829
14.5433,20.3625,12.2428,42.8513,8.8544,1.1456
58.5292,13.4529,14.4148,3.6031,5.2193,4.7807
9.7681,39.7996,44.1559,5.027,0.336,0.9133
5.2967,23.9804,22.1722,39.7822,6.7829,1.9855
26.0627,17.1348,21.1447,25.6578,3.108,6.892
28.9016,30.8964,19.6282,10.5738,2.87,7.13
38.1041,6.0381,27.6175,20.7541,1.4738,6.0124
6.401,42.9111,8.8256,36.0879,1.9056,3.8688
27.5069,15.514,17.8292,30.2577,6.1038,2.7885
23.7489,7.3046,26.7375,34.4222,6.6083,1.1785
25.6479,27.7176,24.9702,11.6643,4.779,5.221
48.1446,32.1413,0.551,14.9774,3.3567,0.829
23.8518,15.6154,5.916,49.0221,5.1068,0.4878
8.5202,19.0867,34.6499,35.5232,2.0353,0.1846
19.6529,14.4341,23.9011,32.012,4.9814,5.0186
34.1189,20.8993,3.2556,35.5379,2.219,3.9693
26.774,14.106,28.0564,21.0636,5.5094,4.4906
26.6688,20.0834,20.4556,23.2841,4.0734,5.4347
28.1432,35.1723,14.585,13.0025,3.7789,5.318
0.4903,20.6326,39.1639,29.7132,4.4097,5.5903
38.115,11.6496,19.4248,25.3349,1.7165,3.7591
37.4462,5.351,21.4461,25.7567,4.8159,5.1841
12.9499,27.0404,20.0268,29.9829,5.5055,4.4945
34.9653,5.1316,8.4655,47.5224,0.7784,3.1368
25.0149,23.754,26.6604,14.5707,5.0624,4.9376
43.318,1.8724,0.7861,49.5756,3.8326,0.6154
20.8173,41.6286,21.0513,7.44,7.7817,1.2812
19.5305,29.0349,36.1419,5.2927,2.5133,7.4867
26.7378,31.3438,1.6442,35.0625,1.0891,4.1226
14.1523,52.3941,17.4656,5.988,4.5308,5.4692
30.4526,22.6084,32.7354,7.0588,7.0103,0.1345
21.9264,30.1705,19.9036,18.0269,1.5493,8.4234
27.915,27.5826,10.1858,24.3166,2.4127,7.5873
13.9504,30.3232,17.4278,28.2987,5.2254,4.7746
22.163,28.0213,18.9286,23.1441,2.4626,5.2804
30.8675,38.8908,6.4882,13.7535,7.675,2.325
41.4617,20.1558,12.0422,16.3403,9.7491,0.2509
17.7501,25.1632,19.5765,33.6056,2.5716,1.3329
3.9847,15.026,20.8116,53.1278,1.3205,5.7295
13.7223,11.5094,51.6203,13.1481,7.1329,2.8671
1.1672,11.3328,39.978,38.5271,1.5052,7.4898
22.6913,34.6502,15.1154,22.5399,0.1285,4.8748
14.0094,13.3264,26.3486,44.6349,0.7696,0.9112
21.3025,20.792,26.9406,21.3282,1.4079,8.2287
36.8769,5.6401,26.0788,21.4041,4.8296,5.1704
24.9679,24.7168,19.4882,29.0106,1.6181,0.1984
16.5965,7.98,37.7707,27.6528,8.6541,1.3459
13.5433,32.0214,35.1728,12.7073,5.5341,1.0211
17.3161,13.6947,27.6238,32.65,6.0118,2.7035
10.5842,3.3943,31.0938,52.1919,0.8763,1.8595
25.6797,0.7142,50.1963,13.4099,4.918,5.082
22.4573,17.4769,30.9472,22.5135,4.7195,1.8855
43.6023,21.8845,2.2138,22.2994,4.0678,5.9322
30.4645,17.2873,32.1512,10.097,4.3754,5.6246
23.651,24.3129,2.1456,39.8906,8.7904,1.2096
10.3069,30.2213,3.58,45.8918,3.2317,6.7683
25.3354,32.31,30.0684,4.3041,5.5145,2.4676
42.4047,4.5806,17.5198,25.495,4.6576,5.3424
37.4856,6.9858,42.7646,2.764,4.7738,5.2262
48.9576,16.9944,15.1505,8.8975,5.4309,4.5691
25.1917,0.433,34.7004,34.5888,2.1973,2.8888
17.8353,19.8656,17.3853,34.9138,7.8508,2.1492
23.5027,6.9407,40.8642,18.6924,4.7974,5.2026
23.8962,36.7419,6.011,23.3509,6.0872,3.9128
32.7132,15.9622,20.8937,29.087,0.4926,0.8513
46.5382,13.584,0.7682,29.1096,4.995,5.005
14.1865,24.6913,17.9606,37.7953,0.8537,4.5125
54.9033,11.3928,24.9262,3.4318,1.0178,4.3281
37.4441,19.0556,17.6805,17.8426,4.4433,3.5339
27.0559,35.6703,11.4744,15.7994,3.6232,6.3768
31.4943,2.4443,27.2489,30.1459,0.2064,8.4602
17.0324,16.6778,42.0123,16.8994,5.4544,1.9236
6.7295,35.8006,29.3069,18.163,4.481,5.519
27.8986,10.3797,18.081,33.6407,4.6995,5.3005
11.7897,29.2296,26.1779,24.1985,5.3584,3.2459
38.4085,6.1322,27.1264,18.3329,4.5876,5.4124
36.2453,10.5957,42.2437,2.6992,6.4095,1.8066
5.4707,35.716,15.7964,40.3964,1.8684,0.7521
30.0534,8.3158,10.3102,41.365,3.7274,6.2283
11.5877,29.994,33.9543,14.464,5.5921,4.4079
7.5177,39.1944,37.9735,5.3145,3.3306,6.6694
7.15,12.327,38.6889,34.548,0.0259,7.2602
12.3348,27.3586,17.6647,32.7852,7.5907,2.2659
12.4016,37.3392,30.3182,9.9409,3.5958,6.4042
48.8218,24.1107,18.4497,8.1023,0.0552,0.4602
8.947,24.9561,32.2281,23.8687,4.2027,5.7973
15.1172,13.9434,27.5955,33.3438,7.0858,2.9142
17.5295,6.1945,28.9206,37.3554,5.6673,4.3327
14.5546,25.2564,16.6832,33.5058,6.4378,3.5622
18.5258,26.8021,20.8208,23.8513,4.428,5.572
39.1675,3.594,7.3401,39.8984,6.3611,3.6389
18.2654,12.8308,55.4163,6.5431,0.9213,6.023
22.9179,1.3299,31.1401,34.6121,5.866,4.134
41.222,15.5967,12.1583,23.3154,0.2665,7.4411
28.4234,3.9682,24.7077,32.9007,8.2724,1.7276
24.5525,0.3001,27.4079,38.1449,6.0234,3.5712
25.9003,16.3439,8.3989,40.5111,8.4821,0.3637
35.927,20.4412,1.9397,33.4531,5.3477,2.8913
19.0408,41.6276,23.4257,5.9058,9.8412,0.1588
44.4321,37.8815,6.2306,3.9852,2.5216,4.949
9.2149,39.4571,20.0082,25.8048,1.2239,4.2911
17.1191,18.6218,21.7997,33.6463,1.3865,7.4265
25.4322,26.2138,17.9945,20.3595,9.1126,0.8874
10.9926,25.3481,26.4208,27.2385,5.402,4.598
15.5716,39.3178,1.9608,33.1498,3.023,6.977
23.9684,22.1202,23.5196,20.3918,5.1276,4.8724
19.8073,34.0672,31.1639,5.0531,4.3679,5.5406
16.0084,46.567,29.3183,2.6809,3.6619,1.7636
35.4696,23.9584,4.7482,27.3934,4.1941,4.2362
40.1269,0.5639,17.2088,33.9036,2.8147,5.382
12.2697,30.5865,2.5074,44.685,7.5318,2.4195
19.6486,26.9686,20.4896,22.8932,3.1909,6.8091
24.7078,34.4637,26.6346,4.1939,5.0735,4.9265
23.5938,7.9583,31.3368,27.1112,2.3778,7.6222
19.8465,42.8063,19.1022,11.4772,3.0751,3.6927
8.7487,32.4447,25.7208,23.0857,5.2301,4.7699
32.1087,13.5331,20.5896,23.7686,4.3663,5.6337
19.8605,44.3432,11.6492,14.1471,0.6682,9.3318
48.3639,22.0251,9.1959,17.2031,2.4862,0.7258
11.2743,4.7233,42.7993,31.2032,5.136,4.864
31.1267,18.6384,18.4316,25.7546,1.3237,4.725
39.7616,29.8213,15.9867,4.4303,2.5778,7.4222
11.9592,30.2518,22.0645,25.8908,6.1898,3.6439
23.7157,7.0889,41.1068,18.0885,4.3252,5.6748
8.2873,24.5767,30.1068,28.1058,0.0662,8.8573
19.7984,19.0567,41.3863,9.7586,4.8991,5.1009
33.7335,18.0688,43.5957,1.0949,0.4029,3.1042
31.0762,19.7059,28.1916,12.0597,0.9649,8.0018
28.4396,30.9407,3.4277,33.5764,1.3348,2.2808
1.6526,29.8511,34.51,23.9862,6.0148,3.9852
8.5356,33.2676,27.1044,21.4894,0.8552,8.7479
22.5905,27.574,31.6206,13.067,2.5563,2.5917
25.8852,10.2079,19.4901,40.0884,3.6647,0.6637
19.266,23.841,35.9804,10.9126,6.3396,3.6604
17.1681,34.9905,34.0519,5.3058,6.5581,1.9256
50.3347,7.7259,12.2392,27.7922,0.0792,1.8289
34.6571,4.2976,32.471,22.6624,2.9171,2.9949
27.8939,19.0994,24.3953,20.2291,2.9355,5.4468
29.0654,11.8586,1.9325,48.8974,0.5874,7.6586
27.4168,14.6297,26.3913,23.432,3.2816,4.8485
33.5004,24.4544,1.1948,30.8673,7.9839,1.9993
9.1413,34.4834,37.6469,9.6478,2.4124,6.6682
32.8842,33.4752,6.2993,23.7795,3.3361,0.2257
28.5555,1.5006,53.8371,6.1068,6.3939,3.6061
23.391,32.0486,14.7613,27.2203,1.1573,1.4215
27.0195,44.7133,14.2032,4.064,5.7878,4.2122
36.6932,11.8715,28.6577,12.9313,6.0503,3.7959
51.104,16.7399,14.6062,7.55,5.0762,4.9238
23.3018,49.4122,1.02,16.266,8.2977,1.7023
28.9195,10.1658,27.3909,25.8508,1.8686,5.8044
22.7575,19.1379,22.7974,25.3072,6.1026,3.8974
4.8607,35.5011,28.323,22.8437,2.1337,6.3378
30.3265,39.1106,7.6597,13.3404,6.072,3.4909
35.6357,4.5345,49.2585,5.8604,1.2291,3.4819
34.5907,38.7028,3.0495,19.2167,1.7292,2.7112
35.7825,13.2457,10.7486,33.4556,4.502,2.2656
41.1898,9.4696,21.6733,19.9862,2.2817,5.3995
29.7838,10.1441,14.8299,35.2423,2.8093,7.1907
16.9179,5.28,40.4167,27.3853,5.9068,4.0932
16.6232,24.7118,35.3933,13.2718,5.349,4.651
34.3466,15.507,14.9274,26.3264,4.4101,4.4825
17.2333,1.5129,37.1253,37.0968,4.1529,2.8787
1.6516,7.4991,16.8077,66.2483,1.8321,5.9612
23.6875,40.4008,9.9005,20.4422,3.5104,2.0586
15.2924,29.3083,25.8132,19.5861,5.8574,4.1426
5.0053,20.8905,34.0589,30.0452,6.1541,3.8459
22.0073,33.76,28.9411,5.2916,5.0447,4.9553
22.1481,52.3061,14.9365,8.1599,0.9015,1.548
21.6487,13.3931,5.8943,49.0638,4.3124,5.6876
10.686,36.6923,33.3953,16.071,1.9914,1.1641
26.5456,27.8204,33.8401,7.3053,2.3635,2.1251
3.6979,30.4419,29.8003,28.3444,5.6502,2.0653
25.9525,3.8875,22.2739,38.0374,0.9339,8.9149
37.7801,18.7703,4.1183,29.4238,2.4972,7.4103
29.0337,22.9674,19.1167,18.8822,2.4096,7.5904
47.8464,5.3734,25.6291,15.2404,5.1904,0.7203
39.7373,21.6388,18.0574,10.5665,6.278,3.722
34.7131,2.2199,22.3631,30.7039,1.0462,8.9538
22.0151,36.938,10.6525,20.3944,4.9892,5.0108
20.2521,11.0361,38.6752,21.0642,2.6464,6.326
41.2565,6.7185,30.4529,15.9296,0.0222,5.6203
31.4138,18.0959,19.6358,26.3854,3.8453,0.6239
12.5351,27.5229,27.1765,22.7654,3.7861,6.2139
24.7312,46.559,0.7524,18.4157,3.8841,5.6576
7.2015,13.7696,41.2471,34.1298,2.1924,1.4596
6.2646,34.288,30.3792,19.0681,4.9343,5.0657
37.5897,50.098,9.5162,0.2902,1.0721,1.4338
19.349,32.3979,30.8873,7.3658,6.1036,3.8964
53.6945,4.3633,36.5291,3.5041,0.8664,1.0425
34.904,2.6659,31.808,22.5432,3.9006,4.1783
17.9492,42.5821,17.9003,11.5684,5.1376,4.8624
11.9708,21.785,34.1787,22.0656,3.0091,6.9909
14.6342,31.1167,14.2629,31.335,3.1043,5.547
27.9004,36.312,23.9482,8.4527,0.8598,2.5269
27.3873,17.6633,27.165,17.7843,4.6352,5.3648
9.0149,30.5573,23.8717,26.5561,4.1393,5.8607
22.3942,30.6197,15.8086,21.7074,3.0273,6.4428
39.9924,12.7162,39.7073,2.8641,0.9934,3.7265
6.8167,45.9198,34.5847,2.6787,4.1631,5.8369
31.0649,5.1064,20.2871,33.5415,4.9422,5.0578
30.8426,30.3013,22.7605,7.7076,3.2407,5.1474
31.0021,11.0717,7.1504,40.7758,3.9153,6.0847
28.1578,27.1123,15.3639,19.366,8.0063,1.9937
23.7304,12.9295,15.1465,38.1937,5.4329,4.5671
21.6511,35.1735,3.2141,32.1464,7.5806,0.2342
15.0932,31.8226,20.7727,22.3115,4.1105,5.8895
49.5079,22.2826,5.4708,13.8388,2.4971,6.4029
23.6477,29.8042,30.462,6.086,7.6244,2.3756
10.1081,24.1503,27.1581,34.7576,2.9195,0.9062
25.2741,44.9406,16.2507,7.0212,3.886,2.6274
22.0029,36.0255,0.1015,37.7449,2.3726,1.7527
22.8756,34.535,8.6115,23.9779,4.0061,5.9939
29.4033,28.3676,5.0434,27.1857,0.9505,9.0495
24.8545,28.0179,29.513,7.6146,6.201,3.799
19.7832,41.67,0.6729,27.8739,0.8012,9.1988
33.1672,3.8109,41.6688,11.3532,7.3228,2.6772
34.3135,1.2641,18.5342,38.262,4.629,2.9972
16.8777,11.6551,26.8177,35.4939,1.7447,7.4109
16.8615,6.9214,32.4464,33.7706,2.1597,7.8403
26.3278,14.2152,46.5378,2.9193,5.4398,4.5602
21.2152,19.9397,24.3866,28.6234,1.5288,4.3063
36.6507,19.1116,35.6635,2.1465,5.2864,1.1413
1.7097,38.1181,19.4176,33.3883,2.4513,4.9149
0.6871,13.462,38.3555,37.4955,4.8955,5.1045
17.4958,21.9929,25.5155,24.9958,5.1429,4.8571
29.5371,20.1333,0.99,39.3396,6.6552,3.3448
20.5521,25.1106,14.4487,32.4317,1.2846,6.1723
24.8857,29.6683,30.4008,5.0452,6.8759,3.1241
11.1513,18.3259,50.9741,13.1111,1.8483,4.5893
21.3314,22.5023,8.0565,41.4313,3.9488,2.7297
28.7324,19.8548,16.2075,25.2053,4.9037,5.0963
23.961,25.3262,20.4123,25.5176,2.2706,2.5123
2.0335,11.2893,24.079,54.2165,4.7607,3.621
34.8523,40.2951,14.1516,3.44,0.1474,7.1137
21.0153,22.3814,32.4354,19.942,3.3995,0.8264
42.3595,2.2074,35.3264,11.9931,5.8284,2.2852
31.5635,7.1538,29.6787,21.604,4.9283,5.0717
42.3395,14.1254,4.6134,28.9217,6.7131,3.2869
11.2656,31.2427,32.6502,15.6015,7.2401,1.9999
20.6369,36.6791,17.1962,17.552,0.524,7.4118
15.0605,29.0338,24.0922,24.5056,0.6633,6.6447
18.1074,27.4936,43.3976,4.8256,1.0231,5.1527
30.8118,7.9701,47.1285,4.0896,5.6711,4.3289
45.825,7.993,11.2386,31.7222,2.393,0.8284
26.4962,23.1167,7.5918,32.7953,4.3553,5.6447
20.1834,48.5642,1.464,20.5589,8.0763,1.1533
31.1571,19.346,14.9562,26.0027,2.1256,6.4124
16.139,19.1219,24.8351,29.904,5.4044,4.5956
31.9964,27.4519,26.9214,4.6499,3.8184,5.1621
29.9354,5.285,27.6692,27.1105,5.8313,4.1687
0.1665,46.8747,11.069,31.8898,4.9193,5.0807
26.1971,32.3012,8.3822,23.1195,3.1137,6.8863
22.0518,10.7095,24.4738,32.7648,4.4786,5.5214
5.2617,52.3183,31.079,4.1188,0.2764,6.9457
12.6814,5.4228,38.4786,37.4553,1.7637,4.1981
25.3374,22.1118,32.8295,12.164,1.2152,6.3421
7.6981,54.512,1.5495,27.5278,4.4584,4.2541
31.0937,34.6201,21.1865,4.2332,7.1636,1.7028
4.7234,13.6035,65.1942,6.4789,5.6579,4.3421
21.8815,13.2959,32.95,28.747,0.5503,2.5753
29.5469,30.8745,17.7394,14.7955,0.8772,6.1665
14.6059,2.1842,36.3869,36.8229,3.7596,6.2404
42.9137,28.9144,11.4379,13.6792,0.8319,2.2229
9.5528,45.0019,26.6885,16.1265,2.0918,0.5385
0.5781,23.3373,25.3753,42.9377,1.1308,6.6409
1.6775,44.6416,10.8364,39.0873,2.3453,1.412
24.9807,26.8593,13.4087,25.5042,6.8977,2.3494
34.5178,19.2273,7.6697,28.5851,4.7043,5.2957
12.3794,40.3825,33.4569,4.5879,0.9612,8.2321
24.4931,20.5712,26.8479,18.0878,6.8028,3.1972
25.324,18.1408,26.6142,19.9209,4.4647,5.5353
31.1433,29.3252,10.5099,19.0216,5.0831,4.9169
26.1751,12.9225,40.7686,10.1338,9.0243,0.9757
10.0759,31.5032,19.9104,28.5747,0.1586,9.7772
20.2258,16.0177,40.0478,13.7087,6.1289,3.8711
18.1447,5.8893,26.4298,41.711,6.7655,1.0597
28.0846,3.8952,28.3366,31.2062,4.5165,3.9608
15.6569,13.5684,41.1825,20.8623,3.0002,5.7298
22.8766,36.7358,9.2988,21.0888,6.068,3.932
14.9864,23.4627,11.4429,48.24,0.8521,1.0159
34.8675,13.1915,22.7484,23.4755,1.1842,4.533
30.808,23.082,10.3154,25.7946,5.359,4.641
37.4717,34.0666,7.0998,18.3603,2.192,0.8096
35.0176,21.8791,20.5321,12.8343,3.677,6.0599
20.9645,28.599,33.9023,6.5342,3.7505,6.2495
23.8848,12.8054,21.0066,32.3032,3.7865,6.2135
0.4597,43.3886,35.9111,10.2406,5.5779,4.4221
34.1419,13.3766,22.3693,20.1122,6.6636,3.3364
28.0308,22.0522,11.216,28.7011,6.6231,3.3769
22.5649,38.9974,30.7159,6.7479,0.7684,0.2054
19.2336,24.1439,33.0808,20.1303,0.687,2.7243
31.6564,29.8423,23.4222,8.5489,4.4003,2.13
25.3059,33.562,29.5714,2.0117,2.404,7.145
46.5485,4.3776,17.3326,21.7414,4.4877,5.5123
28.7818,45.2535,12.9941,5.9789,4.8359,2.1558
23.72,28.2477,16.755,21.2773,8.4336,1.5664
26.2584,22.9972,10.2997,30.4447,2.3546,7.6454
39.1668,18.2154,29.4842,3.1336,5.7751,4.2249
38.9844,21.8022,9.6088,19.7091,8.1749,1.7206
31.0977,32.3976,8.5263,22.4973,1.358,4.1231
12.8965,18.8793,27.8126,31.3688,1.4417,7.6011
38.7206,1.4877,28.8229,20.9689,7.2789,2.7211
20.8415,8.9224,28.6026,32.7643,5.3611,3.5081
20.4306,47.7065,5.4277,16.4352,3.8407,6.1593
34.2747,32.8938,3.4411,19.3904,8.5099,1.4901
11.4208,27.179,25.332,26.0682,4.3581,5.6419
47.0008,0.7867,27.3063,16.7465,2.6224,5.5373
34.0193,10.3279,24.6026,24.1677,6.3275,0.5551
30.069,4.6843,29.9921,28.9818,6.0786,0.1941
15.0402,5.5444,39.5483,30.6192,0.2796,8.9684
4.9858,27.6402,29.5461,27.8279,6.2377,3.7623
46.9622,23.854,18.9825,0.2013,6.5726,3.4274
18.4316,36.8325,20.8173,13.9186,2.5901,7.4099
30.3493,35.4872,2.2485,26.4611,1.9847,3.4691
31.9042,26.3497,28.9058,2.8403,5.7474,4.2526
11.5936,24.5429,24.8766,30.2923,2.5585,6.1359
2.8895,39.0196,24.5374,23.5535,5.0645,4.9355
3.3384,35.0289,16.7662,36.9195,2.5827,5.3643
26.4389,35.9627,15.134,14.5767,4.4279,3.4597
57.0857,22.9136,6.68,10.5226,1.4864,1.3117
0.0339,21.566,32.5193,37.9486,5.5118,2.4204
19.564,38.1057,27.7041,4.6262,5.0532,4.9468
11.7244,24.6697,30.3046,23.3013,5.0849,4.9151
8.2837,15.3471,22.5747,43.7945,3.934,6.066
43.1115,18.2547,28.2939,0.3399,6.0237,3.9763
26.3466,12.3289,39.5077,19.4317,1.9354,0.4497
7.5882,33.7578,10.6651,38.0374,4.4834,5.4682
2.1741,31.4066,23.5509,32.8684,4.1612,5.8388
32.8237,0.4821,36.2514,20.4428,6.3664,3.6336
29.1568,36.4266,2.6073,26.8363,4.0955,0.8774
38.0184,32.0185,13.6189,6.3441,6.1405,3.8595
22.8841,33.7905,9.3544,25.8702,7.1077,0.993
50.4481,16.1744,3.3053,20.2014,8.1347,1.7361
21.3906,37.2149,27.3841,4.0105,4.9211,5.0789
25.1854,16.4346,19.187,29.193,5.0244,4.9756
0.1769,19.2301,21.3898,49.2032,6.3534,3.6466
18.9347,30.5989,30.3523,10.114,5.7425,4.2575
36.2074,30.4982,16.0036,7.2907,4.8926,5.1074
29.0648,9.5701,50.9413,0.4238,4.5017,5.4983
23.1345,26.7067,28.652,14.3425,1.9639,5.2004
22.2113,38.6757,23.2269,5.8861,4.9716,5.0284
36.1408,23.8476,22.0387,7.9729,7.7074,2.2926
9.6139,19.5746,41.3645,20.2767,1.2966,7.8737
44.5864,17.3401,7.8393,24.4605,2.2402,3.5336
0.6026,36.3039,20.6114,32.4821,6.8128,3.1872
34.8379,17.849,11.6398,25.6733,4.0243,5.9757
31.6744,12.0963,41.4958,4.7335,4.1528,5.8472
37.5892,3.5091,12.1429,43.9396,2.2807,0.5385
18.9121,16.9714,25.8916,28.2249,7.3266,2.6734
53.1067,2.8782,12.2118,28.4764,0.5467,2.7803
24.6216,11.0079,30.3396,25.0663,2.0086,6.956
8.913,20.0229,30.5414,39.4121,1.0003,0.1104
29.7714,34.0097,13.4117,12.8072,4.4192,5.5808
20.8898,27.0032,28.0488,14.0583,7.3029,2.6971
22.9606,43.8101,26.4691,0.1392,3.1086,3.5124
30.9462,32.9879,2.7995,23.2664,7.6303,2.3697
33.8488,7.8055,37.0939,11.2518,5.1467,4.8533
46.0152,42.5696,3.2507,2.9105,1.8467,3.4073
7.6849,45.0499,17.815,19.4503,4.5322,5.4678
64.593,8.3466,5.4659,16.3993,4.1806,1.0147
7.7548,8.3625,36.1829,37.6997,3.7533,6.2467
23.3164,23.8476,17.2634,25.5726,5.4595,4.5405
35.1936,38.8368,9.3384,6.6313,3.966,6.034
20.3716,33.7456,13.5619,29.7243,1.555,1.0415
18.5108,23.7247,19.9196,27.8449,4.8843,5.1157
17.1675,31.6535,16.3298,25.2139,9.4026,0.2326
0.5653,25.4263,44.9622,24.3405,4.0823,0.6234
9.5045,28.2706,4.5849,47.64,7.7801,2.2199
30.3613,30.7487,20.0171,8.8729,4.3836,5.6164
21.1773,16.6524,31.8549,20.3154,6.0508,3.9492
24.023,15.2226,19.9276,34.3462,0.627,5.8536
29.2632,8.1665,55.1915,3.7651,2.5446,1.0692
33.1997,12.2933,13.492,31.015,5.2283,4.7717
34.6735,33.89,10.4966,10.94,4.9351,5.0649
14.9649,38.1446,29.805,7.0855,5.6136,4.3864
46.5327,12.6024,15.6373,16.3343,6.1478,2.7455
10.7098,21.1874,40.9717,19.1258,6.3991,1.6063
3.2118,6.7665,32.7886,48.6937,1.1247,7.4148
42.5557,11.3443,10.8197,32.1465,0.0752,3.0587
55.9162,30.7602,6.3424,3.7314,1.8169,1.4329
35.8372,39.8507,6.3636,7.9485,4.7792,5.2208
17.1812,14.0479,35.455,23.3159,4.4365,5.5635
9.4166,37.5303,28.9921,14.061,4.8001,5.1999
19.8098,28.6323,35.2443,6.3136,8.076,1.924
5.4932,39.0542,33.1403,20.2399,0.2474,1.8251
33.4168,25.6908,4.7536,34.3103,0.9995,0.8289
22.9234,1.0754,32.7163,33.2849,6.271,3.729
34.3029,16.7155,19.9241,19.945,7.6273,1.4853
12.7225,35.1141,27.502,20.0399,4.2436,0.3778
12.707,37.9122,30.2029,11.6754,3.8941,3.6085
27.611,38.2475,16.5176,7.6238,4.3132,5.6868
24.4758,14.1848,29.4953,21.8441,3.2427,6.7573
9.4982,43.6556,31.1918,5.7571,7.6504,2.2469
22.8315,21.6735,42.5781,2.9169,3.0844,6.9156
37.5591,42.3971,8.1553,3.7557,4.6852,3.4476
23.7572,38.4594,3.9027,26.6319,2.2329,5.0158
15.5635,41.3467,30.2626,4.2684,6.3747,2.1841
23.3318,21.9642,35.1346,9.5694,5.1124,4.8876
9.0051,38.5728,3.8319,38.5901,7.5732,2.4268
34.9796,30.0774,0.6253,28.6026,0.9827,4.7324
1.2875,5.6822,41.8751,41.1552,7.5098,2.4902
42.0106,18.6975,14.4652,19.733,3.132,1.9618
12.2975,28.4255,25.7504,23.5266,4.7681,5.2319
8.2464,26.2343,41.6125,18.5026,0.5269,4.8774
22.3293,33.3918,31.2018,7.5514,3.9956,1.5301
4.7094,13.4216,36.1301,35.7389,4.1655,5.8345
26.6094,12.6497,28.7721,29.4672,0.2139,2.2877
11.6026,26.9855,26.2482,27.4616,6.4481,1.254
39.6934,10.348,10.3547,29.6039,8.0076,1.9924
21.9158,46.4485,14.4837,7.1519,4.4876,5.5124
28.5152,31.9167,5.2661,27.6665,1.5509,5.0846
31.4771,24.9615,27.348,8.7863,6.6306,0.7965
26.7967,23.9463,5.5883,34.6925,1.1518,7.8244
29.1511,15.2353,23.819,23.8258,1.4815,6.4873
28.6606,5.1297,29.3601,33.0414,2.6508,1.1575
44.0549,35.3347,10.1285,1.5337,5.2781,3.6701
2.9966,26.0403,58.7885,2.5776,9.0951,0.5019
17.2541,27.4148,21.6531,24.6791,0.9312,8.0678
19.3141,20.8673,49.0287,5.5692,4.5272,0.6934
23.4312,25.8472,24.8228,16.7376,6.9,2.2612
15.7165,14.695,27.6607,37.9881,0.8855,3.0541
50.8681,7.6121,4.2226,27.2972,3.0203,6.9797
12.2417,43.1058,25.9697,8.9323,6.0098,3.7407
38.6416,20.017,13.8732,17.4682,9.1675,0.8325
17.2717,26.8044,21.1189,29.6403,1.7103,3.4545
21.8795,21.4665,29.2426,17.4115,6.6167,3.3833
29.8638,23.6654,8.4259,29.7829,1.4586,6.8035
15.4984,51.3824,19.6659,3.4533,5.4715,4.5285
32.342,13.2406,18.1445,26.2729,5.2299,4.7701
5.0921,4.5267,46.8847,33.4965,4.658,5.342
24.459,43.1328,23.0843,5.3689,3.4894,0.4656
28.8223,1.1505,34.4958,25.5314,4.1894,5.8106
9.361,39.7015,32.4607,8.4768,5.4879,4.5121
14.4497,25.2259,16.0698,34.2546,3.2561,6.7439
45.027,7.09,7.2619,30.6212,4.8671,5.1329
28.2679,8.764,27.6006,25.3675,3.009,6.991
40.3718,8.196,12.872,30.2724,6.5249,1.7629
22.6308,15.6213,13.4377,41.8134,0.4151,6.0816
19.0651,3.9906,21.0581,49.3236,1.551,5.0116
0.9961,35.0608,10.1522,43.7909,4.8137,5.1863
15.066,39.9908,2.7033,32.2399,5.7004,4.2996
28.7427,12.3732,32.8631,18.4499,4.185,3.3862
0.9546,44.7054,48.2851,0.4158,2.0502,3.5888
31.0813,35.9104,12.1267,10.8816,5.8626,4.1374
28.6953,13.6431,25.6971,21.9645,1.9897,8.0103
28.6254,19.8893,34.4358,7.0496,5.0714,4.9286
37.2303,24.1426,12.5012,16.126,6.0172,3.9828
4.6109,8.8096,44.288,32.2916,5.8888,4.1112
17.2681,23.4389,29.2724,20.2436,8.1574,1.6196
23.5011,27.6663,30.4994,8.3332,6.6397,3.3603
17.9647,8.1072,40.4991,27.8702,2.9246,2.6342
27.8194,14.5399,33.2455,16.9279,1.0347,6.4326
31.0734,21.7392,11.5748,25.6126,0.5451,9.4549
29.5454,24.3932,24.816,11.2453,4.9531,5.0469
12.8219,43.4544,20.6433,13.0804,5.0055,4.9945
10.4119,52.4019,24.4767,4.8087,2.6474,5.2534
37.2869,9.844,41.8468,1.0223,7.8779,2.1221
25.7457,24.62,12.2572,32.7493,0.0363,4.5915
26.3415,33.1357,5.7073,30.6405,2.7425,1.4326
29.8436,12.9537,35.9115,11.2912,8.2605,1.7395
55.0907,10.0045,8.1032,16.8016,4.9328,5.0672
24.8389,28.0247,8.363,28.8193,7.9856,1.9686
33.2588,18.5319,2.9115,35.2978,5.0592,4.9408
26.8892,25.8691,33.313,3.9287,5.6191,4.3809
4.6825,11.8759,37.5404,37.3385,5.9878,2.5749
30.5575,35.7479,1.4625,22.2321,2.7114,7.2886
29.6195,21.4168,37.2508,1.713,6.1223,3.8777
34.2446,37.3026,14.6476,8.8361,0.4381,4.5309
29.013,29.0194,31.3341,1.0475,1.3324,8.2536
46.571,8.7434,10.0716,31.2599,2.2219,1.1321
29.0083,12.2183,25.715,23.0584,7.4918,2.5082
36.7434,34.6505,15.0417,3.5644,3.6693,6.3307
51.816,11.067,8.5566,18.5604,5.7246,4.2754
31.0736,4.497,22.4215,32.8758,7.1157,2.0163
