W,Ta,Mo,Nb,Zr,Ti
19.1281,0.5437,20.8164,25.9444,26.1928,7.3746
19.8185,29.0082,21.6164,26.0546,0.828,2.6743
1.1652,47.1561,9.5432,33.3903,1.1652,7.58
0.9526,6.8801,44.3984,0.9526,4.4069,42.4092
0.9707,0.9707,24.5809,40.3705,0.9707,32.1364
25.8301,0.6884,18.6532,11.8981,10.5499,32.3804
1.4433,1.4433,44.4772,7.1765,2.5977,42.8619
48.0796,1.0787,14.9647,1.0787,9.3011,25.497
40.1298,1.1523,33.5006,22.9127,1.1523,1.1523
1.0204,1.0204,45.9865,29.2591,1.0204,21.6931
27.9605,1.3678,53.7731,14.163,1.3678,1.3678
10.3437,19.8598,31.5908,26.856,10.7049,0.6448
45.8793,7.9496,1.0377,43.0582,1.0377,1.0377
16.4706,14.9696,33.8061,9.6916,0.7153,24.3468
1.4428,1.4428,17.9985,8.682,68.9911,1.4428
33.4882,23.6228,0.8449,0.8449,40.3544,0.8449
0.7932,1.025,21.1584,15.6932,23.6223,37.7078
2.5035,1.3546,53.795,1.3546,39.6375,1.3546
2.611,2.611,86.9448,2.611,2.611,2.611
2.9365,1.4952,1.4952,41.7505,50.8276,1.4952
17.7902,32.5596,14.337,6.0937,0.7375,28.482
35.4399,0.9383,0.9383,36.7903,19.6516,6.2416
0.7503,0.7503,15.5155,23.0128,35.0581,24.9129
8.1319,33.8245,0.9978,24.7356,31.3124,0.9978
53.593,5.5349,9.6244,5.5349,20.1779,5.5349
40.6116,1.3712,30.2988,1.3712,23.4657,2.8813
10.5218,22.3033,1.3144,1.3144,52.0859,12.4602
0.6565,24.1223,28.8905,25.3652,20.3091,0.6565
24.4367,12.0831,23.9568,11.5522,0.5526,27.4185
1.5134,44.6579,8.5039,1.5134,1.5134,42.2982
4.2229,28.5152,53.7599,1.1762,1.1762,11.1496
31.593,49.3906,1.066,14.833,2.0513,1.066
2.5887,24.2119,0.6656,27.4696,25.9029,19.1612
4.2442,1.3896,61.9704,1.3896,20.7946,10.2116
0.6644,31.7989,0.6644,20.4538,27.8639,18.5547
0.8903,32.2214,0.8903,41.8994,0.8903,23.2083
20.0507,12.6927,0.8275,0.8275,26.5038,39.0978
38.1513,27.5153,0.8468,29.0454,2.6709,1.7703
41.5362,34.9843,1.8539,1.2042,1.2042,19.2172
38.0024,4.7745,22.5466,0.9776,4.6756,29.0232
13.1964,32.5574,30.329,2.5051,0.7869,20.6253
47.753,46.3146,1.1568,1.1568,1.1568,2.4619
4.817,1.0715,8.298,46.7139,1.0715,38.0282
0.9154,0.9154,10.9211,43.7304,0.9154,42.6022
0.8391,35.7009,17.6399,32.0127,12.9683,0.8391
21.2553,3.2541,17.1858,25.2273,23.7895,9.2879
0.9665,34.8785,0.9665,41.8796,20.3423,0.9665
29.1233,26.3012,1.6185,39.72,1.6185,1.6185
52.9194,2.8661,2.8661,35.6163,2.8661,2.8661
1.077,39.3787,18.1297,1.077,39.2604,1.077
49.5686,16.9813,25.0866,5.009,1.2071,2.1473
10.452,30.4244,1.4263,12.9081,8.6724,36.1168
22.6143,19.1063,27.1026,6.0661,0.5484,24.5624
32.4907,38.2126,0.8634,12.6168,4.2315,11.585
28.7348,28.5817,23.3086,5.3688,0.9028,13.1033
64.4987,1.9399,1.9399,1.9399,1.9399,27.7416
11.1722,70.357,1.5764,13.7415,1.5764,1.5764
33.4405,25.7255,0.8534,30.7989,8.3283,0.8534
39.4828,0.8059,0.8059,32.4446,25.6551,0.8059
16.9211,8.3364,29.0369,16.7653,18.7151,10.2252
1.0988,9.8409,3.395,21.9428,16.8832,46.8392
1.973,1.973,30.143,1.973,61.9648,1.973
0.8248,19.9187,29.6234,23.7425,15.4999,10.3906
26.139,13.1842,23.6464,0.5304,19.2749,17.2251
1.0145,45.613,50.329,1.0145,1.0145,1.0145
12.0022,27.5449,20.4017,0.7509,34.7693,4.531
11.7747,6.6159,13.5615,17.4921,19.17,31.3858
26.1638,20.7588,23.3566,3.542,2.5755,23.6034
39.8544,7.6284,0.8846,0.8846,25.2677,25.4803
28.7537,12.093,23.5041,33.9779,0.8356,0.8356
28.6245,1.3512,35.3205,24.7788,9.1937,0.7313
22.8954,4.6188,13.8062,32.0698,14.7378,11.8721
2.797,13.501,27.2213,11.4888,22.4178,22.5741
82.9485,4.659,1.6935,7.312,1.6935,1.6935
11.9278,15.5779,14.1542,21.5593,16.0688,20.7121
2.044,2.044,2.044,85.8985,5.9254,2.044
1.4108,22.1678,1.4108,37.2829,1.9692,35.7584
36.1711,21.2557,0.9639,0.9639,3.2548,37.3906
0.5987,29.422,10.3753,22.8725,7.6072,29.1244
16.6745,2.3257,31.9448,23.9138,24.3535,0.7878
1.3164,8.39,28.505,1.3164,44.4299,16.0423
20.5619,17.442,30.7064,5.1631,0.6151,25.5116
0.8103,10.5036,11.5715,0.8103,40.4735,35.8309
25.6148,25.7591,18.2871,0.9429,0.9429,28.4533
1.0033,17.4326,42.8327,36.7248,1.0033,1.0033
19.4116,3.1682,67.9158,3.1682,3.1682,3.1682
26.6421,22.3844,5.7966,42.0461,1.5654,1.5654
39.7268,6.2653,0.8746,0.8746,39.8877,12.3711
19.9219,0.9937,0.9937,23.5444,35.9878,18.5586
0.8941,13.9492,8.7823,30.0732,33.6757,12.6255
7.2085,17.8566,30.7726,3.5039,16.067,24.5913
29.7907,0.8461,13.717,5.6798,27.3243,22.6421
29.7214,27.6271,0.6754,15.105,0.6754,26.1957
2.6495,23.0635,22.7486,4.9782,16.5535,30.0068
12.5389,9.2622,20.9714,21.0979,29.3375,6.7921
21.8217,35.2556,17.1991,0.7918,0.7918,24.14
28.4965,15.9238,22.8156,29.1308,2.9557,0.6776
0.7545,14.1905,11.9456,1.9889,35.9387,35.1818
0.7961,0.7961,25.3463,0.7961,32.84,39.4255
7.5265,0.97,16.3711,44.7106,29.4518,0.97
46.9049,1.0296,1.0296,23.6402,26.366,1.0296
0.951,0.951,11.1349,14.911,31.5981,40.4541
5.441,43.2413,40.3541,2.7821,5.3996,2.7821
11.9071,5.1582,23.8928,22.1057,12.5281,24.4082
6.8709,1.1108,7.2821,30.2526,5.6961,48.7875
12.5843,45.6004,1.3046,1.3046,1.3046,37.9016
18.7865,20.4438,28.3888,9.1856,16.2599,6.9354
0.7561,20.6475,1.3378,21.8203,33.8618,21.5765
0.6498,1.1535,28.4346,20.6451,30.5198,18.5973
18.5259,1.2558,20.9265,1.2558,56.78,1.2558
31.2096,9.841,38.6483,6.767,6.767,6.767
37.948,0.8753,0.8753,21.724,8.6721,29.9054
48.6951,2.5063,2.5063,2.5063,2.5063,41.2799
2.4076,19.0158,26.1397,0.8056,16.7522,34.8791
5.9054,5.9054,66.2918,10.0864,5.9054,5.9054
24.689,0.9448,17.2301,44.0434,12.1478,0.9448
61.6455,25.3584,1.3332,1.3332,1.3946,8.9351
0.7765,18.9159,26.515,27.9425,25.0737,0.7765
16.4671,0.8331,35.4491,13.1178,31.1202,3.0126
27.1219,41.3455,5.4589,3.922,21.2242,0.9274
22.1978,8.4289,43.7075,0.8807,0.8807,23.9044
1.4697,42.8416,23.0813,9.2728,21.865,1.4697
0.9496,16.9714,31.5624,0.9496,14.2702,35.2969
30.6401,16.6504,14.4983,11.094,7.4122,19.7049
0.7417,31.8759,29.0529,8.2338,29.3539,0.7417
32.525,25.6737,0.8753,28.8175,5.3442,6.7643
0.8583,34.8021,27.9395,0.8583,23.4867,12.0551
15.8592,1.1306,28.8539,24.4693,28.5564,1.1306
4.3014,14.6297,16.2427,31.2437,28.4212,5.1612
1.048,21.3639,9.2091,35.7025,12.4841,20.1925
5.2428,25.2738,20.7773,26.3815,2.0237,20.3009
0.6905,0.6905,12.2102,33.0843,28.6499,24.6744
26.7429,0.7764,11.3811,0.7764,35.1771,25.1462
13.5284,16.2182,7.9321,26.5484,19.9678,15.8051
1.549,1.549,12.3793,10.1888,1.549,72.7849
7.2277,16.3978,30.5434,10.1936,2.9756,32.6619
19.2819,16.0734,18.9516,7.1887,18.7058,19.7986
14.9885,1.2512,2.8639,20.762,58.8831,1.2512
43.9678,0.9347,43.5795,0.9347,9.6485,0.9347
8.2398,24.9566,5.1519,26.7725,10.2891,24.5902
14.1281,12.9215,32.7491,0.7337,21.1354,18.3322
1.1461,1.1461,32.7253,1.1461,12.6124,51.2239
10.619,52.6713,1.0628,24.886,1.0628,9.6982
23.632,1.8916,26.9405,0.9836,21.523,25.0293
21.0827,3.6914,64.1518,3.6914,3.6914,3.6914
15.6261,15.8302,0.7035,6.8907,34.7744,26.1751
7.8729,14.6846,6.3994,14.1011,23.6331,33.3089
0.7936,6.6614,28.0173,31.1709,19.702,13.6547
1.9673,8.3522,35.966,34.2699,17.4774,1.9673
41.4971,1.1785,1.1785,42.2186,1.1785,12.7487
23.5958,30.6886,19.2098,0.6389,0.6389,25.2281
1.9491,29.7311,29.4558,25.9656,0.6603,12.2382
47.1825,3.3258,46.6595,0.944,0.944,0.944
0.9948,21.4169,38.1028,5.4,0.9948,33.0907
1.7234,27.2857,1.7234,1.7234,1.7234,65.8205
30.7412,33.7497,0.7138,0.7138,33.3677,0.7138
42.1435,2.0835,48.7791,2.8269,2.0835,2.0835
21.1738,22.2598,10.113,0.6835,16.4947,29.2753
17.1319,24.6132,26.7722,0.5442,6.7908,24.1477
13.5188,0.6727,13.1056,16.6805,26.2366,29.7858
29.0565,21.6039,1.0744,2.7848,44.4061,1.0744
21.7003,24.9202,34.865,16.5431,0.9857,0.9857
36.7795,36.886,0.954,12.7997,0.954,11.6267
11.6866,6.2175,12.292,33.0595,0.902,35.8424
19.292,0.9795,16.1738,23.702,17.7477,22.1051
19.9585,5.2084,19.8872,26.6008,27.2977,1.0474
0.9021,0.9021,7.3817,22.4229,40.0256,28.3655
9.4722,33.1377,0.8481,26.9125,28.7815,0.8481
13.3655,32.5808,0.6742,0.6742,20.3584,32.3469
29.5402,4.9953,18.2222,11.0693,26.7816,9.3913
18.1136,25.8124,27.9292,10.9769,0.7011,16.4669
30.3672,18.138,0.6631,21.8415,28.3272,0.6631
25.2289,7.6704,42.834,1.0741,20.3907,2.802
61.5162,1.2308,1.2308,20.0952,1.2308,14.6962
0.6369,20.9195,28.7676,0.6369,27.3441,21.6949
2.9967,20.6014,28.9096,26.9503,7.817,12.7251
14.6352,1.8894,21.3388,21.8703,3.9641,36.3022
22.134,0.6598,6.1082,25.5038,23.2941,22.3
1.4068,29.8299,2.641,5.4771,32.2468,28.3985
21.089,31.6129,0.9101,44.5677,0.9101,0.9101
27.409,25.2576,0.7927,11.7588,2.5659,32.216
19.696,6.1062,15.2669,24.1951,0.8007,33.9352
33.0097,34.8854,0.7518,3.0282,0.7518,27.5732
0.826,0.826,40.7577,22.3599,0.826,34.4044
1.2521,1.2521,9.7224,1.2521,60.4419,26.0793
74.8721,2.7675,2.7675,2.7675,7.6947,9.1308
3.6843,24.9287,1.2689,43.6389,6.6119,19.8673
50.1351,1.3713,1.3713,38.1069,7.6439,1.3713
28.8829,8.7371,1.0393,1.0393,37.6308,22.6708
13.804,5.0384,28.0707,26.9356,25.5682,0.5832
0.9691,21.3485,35.2453,16.6734,0.9691,24.7947
58.9831,16.3629,2.4769,16.2132,2.4769,3.487
18.9977,1.4234,1.4234,27.5142,3.8329,46.8083
28.8695,16.6077,20.7204,16.5724,8.4547,8.7753
24.2963,5.5668,2.2048,50.8761,14.8511,2.2048
15.4969,8.0579,15.7607,6.1316,27.609,26.9438
2.1673,2.1673,34.4188,56.912,2.1673,2.1673
1.4756,1.4756,30.9906,1.4756,1.4756,63.1069
1.0887,35.6391,1.0887,41.5682,19.5266,1.0887
22.4625,8.6628,0.686,31.6696,18.1953,18.3238
1.7159,43.7673,1.7159,35.6953,15.3897,1.7159
15.135,39.7705,12.8909,29.4095,1.3971,1.3971
22.1966,23.1163,0.7419,0.7419,35.2021,18.001
1.657,1.657,15.4716,18.5398,32.9596,29.715
9.9303,53.6017,5.5774,28.1218,1.3844,1.3844
22.6429,27.6908,11.9608,20.854,1.9877,14.8639
0.6223,5.0886,15.8372,26.3744,25.6178,26.4597
4.3084,15.3998,12.238,27.076,40.1054,0.8726
17.9856,13.0495,26.3922,0.7792,14.8687,26.9247
1.5139,39.3905,51.8338,1.5139,4.234,1.5139
15.548,1.6827,1.6827,1.6827,26.2347,53.1693
0.6407,28.9189,26.0729,11.8365,0.6407,31.8902
43.3045,5.2088,14.2595,3.3301,1.0047,32.8925
0.8343,34.7715,30.3333,23.1796,0.8343,10.047
14.5305,0.7822,0.7822,12.5935,34.6381,36.6734
20.3888,18.6364,32.9285,11.0055,0.6687,16.372
55.4892,14.9019,1.1336,15.7897,10.9493,1.7363
38.2192,40.293,0.8755,0.8755,13.1945,6.5423
1.6144,49.6544,9.6805,1.6144,35.822,1.6144
23.0563,24.009,26.1485,7.8669,18.3389,0.5803
1.2336,40.3956,1.2336,34.0869,1.2336,21.8166
29.0571,19.758,0.6139,0.6139,20.4386,29.5184
23.9781,0.645,0.645,16.8233,32.1655,25.7431
5.5217,11.1499,15.0836,7.7974,29.5669,30.8806
9.4362,37.031,11.6016,17.4092,0.8004,23.7216
1.5702,17.7762,1.5702,40.2196,20.5013,18.3625
29.1343,0.9371,40.5595,27.495,0.9371,0.9371
1.4762,36.0822,16.2623,43.227,1.4762,1.4762
3.067,3.067,3.067,84.6652,3.067,3.067
18.4876,0.6306,25.7948,30.3594,0.6306,24.097
20.5356,5.4873,12.2081,17.0195,22.8774,21.8721
28.0279,0.5906,0.5906,28.6551,28.0472,14.0886
36.6992,1.2906,17.3499,12.5687,4.3034,27.7882
53.1737,27.6649,1.1576,1.1576,1.1576,15.6888
32.8832,25.7256,1.2326,1.2326,9.672,29.2539
7.4414,19.7411,10.3007,23.964,22.7776,15.7752
29.4777,6.4333,46.5342,15.5539,1.0004,1.0004
2.0777,3.1066,26.3213,2.0777,2.0777,64.339
19.7027,27.208,12.3055,0.7902,39.2034,0.7902
1.5672,29.5191,26.8542,16.7276,24.6796,0.6523
1.0478,11.3385,1.0478,35.6345,45.0321,5.8993
13.1037,4.6173,16.4221,33.2489,31.9211,0.687
24.8799,36.2086,0.8146,16.4953,20.7869,0.8146
22.1663,0.9291,0.9291,40.0656,26.2329,9.677
41.8028,14.6204,2.3168,34.5443,0.9001,5.8155
25.3736,15.7757,0.6919,16.7707,21.1099,20.2783
2.4186,46.1839,31.0859,15.4745,2.4186,2.4186
14.6935,0.7318,19.7607,19.0882,23.4581,22.2678
20.105,39.8014,26.3021,11.8427,0.9744,0.9744
9.7658,14.615,16.0123,27.4308,23.8484,8.3277
10.7496,1.0106,38.3419,17.8422,31.045,1.0106
22.3839,0.5959,14.4148,15.1958,23.8689,23.5408
14.3892,4.404,18.2103,11.1613,25.1663,26.6688
20.6452,27.5698,0.6381,11.4877,19.6566,20.0025
46.3873,1.1728,1.1728,42.0136,1.1728,8.0807
19.8197,3.8433,13.8655,25.5355,13.6105,23.3255
1.8531,1.8531,81.0277,9.9505,1.8531,3.4625
1.116,33.1524,1.116,1.116,25.9009,37.5987
39.1644,4.1927,3.9647,6.5949,43.7306,2.3526
32.0622,29.5299,0.7414,4.4841,13.8832,19.2993
10.3383,0.9227,17.0349,38.5688,19.5035,13.6317
10.3491,24.2674,0.9806,0.9806,30.5992,32.8232
46.8758,1.0186,10.7455,1.0186,39.3228,1.0186
15.9082,24.3443,27.1674,12.8391,0.8452,18.8958
0.823,0.823,27.523,23.9221,22.9718,23.937
35.8993,25.3871,17.7805,1.1967,19.0052,0.7311
2.4698,80.9227,2.4698,9.1983,2.4698,2.4698
18.1907,20.6609,10.0011,14.7113,17.1479,19.288
90.8793,1.8241,1.8241,1.8241,1.8241,1.8241
38.5824,16.6112,32.0372,0.9373,10.8947,0.9373
6.5813,5.233,18.8595,28.6244,9.0506,31.6511
36.5435,1.0643,5.5926,34.5712,15.5046,6.7238
1.0741,18.0145,27.7452,1.0741,27.0345,25.0577
41.9647,2.5778,0.9597,14.2835,38.2293,1.9849
3.8252,0.908,37.4279,42.5406,0.908,14.3904
13.7734,1.3813,30.3489,51.7337,1.3813,1.3813
17.7119,0.6729,26.3662,0.6729,23.3419,31.2342
1.201,20.6939,33.0724,1.201,1.201,42.6307
1.7886,47.5458,1.798,1.7886,33.127,13.952
45.0481,1.0246,1.0246,38.0313,13.8468,1.0246
37.5216,1.2791,1.2791,4.7249,8.2292,46.966
26.3386,9.3111,54.9364,1.1257,1.1257,7.1626
31.4965,9.2686,0.8393,24.0804,20.0944,14.2207
21.033,18.2146,25.2043,30.5242,4.3625,0.6614
8.9772,16.2898,23.2215,17.3294,7.6706,26.5115
26.8574,28.8563,4.5544,23.4693,15.6784,0.5843
0.7465,17.8246,0.7465,12.4999,32.3572,35.8253
43.2036,27.9328,12.7649,6.7135,1.1364,8.2487
18.9721,10.7565,0.5367,25.9904,22.3125,21.4318
22.01,11.2123,27.5085,16.2077,22.466,0.5957
44.5636,10.6884,4.0795,1.4413,1.4413,37.7859
0.4615,22.8501,16.6041,17.0638,21.5426,21.4779
1.243,22.8162,56.1231,1.243,1.243,17.3317
1.2687,0.7849,36.9785,0.7849,29.5117,30.6714
26.5314,0.7255,21.5276,20.7404,18.6216,11.8535
15.0039,0.6453,4.8751,31.2594,31.9334,16.283
1.789,24.2219,1.789,68.6221,1.789,1.789
27.3019,1.7909,10.1497,25.524,21.7707,13.4627
20.364,0.6618,26.0332,0.6618,19.9472,32.332
0.7247,29.9131,22.9452,17.3767,27.2194,1.8209
28.1439,9.3522,27.6695,0.7121,0.7121,33.4102
22.2623,3.4863,15.625,15.1709,13.9226,29.5329
40.366,4.4726,1.0712,24.2604,28.7587,1.0712
65.2953,3.2167,1.3643,22.3328,6.4266,1.3643
19.4316,18.8148,11.2383,25.9156,0.5622,24.0375
8.9987,19.7425,26.7132,24.2011,5.4128,14.9316
21.8716,39.6628,0.9199,0.8188,35.1477,1.5792
29.0662,0.8886,22.1609,10.8901,36.1057,0.8886
17.9626,1.1837,4.8425,4.5518,44.9535,26.506
24.0489,0.8585,32.9603,0.8585,40.4154,0.8585
54.0454,33.7725,3.0455,3.0455,3.0455,3.0455
0.5582,25.3271,18.7739,27.4577,27.3249,0.5582
1.2199,9.8898,21.1853,32.3338,34.6019,0.7694
5.5397,1.159,6.0996,16.4804,55.1283,15.5929
2.438,27.4243,26.5021,9.1168,26.4927,8.0261
48.2521,6.5264,20.5754,16.5078,7.1602,0.9781
0.9629,0.9629,3.5805,35.2917,45.4432,13.7588
21.3748,12.435,23.4443,0.9079,9.3372,32.5008
0.7371,30.29,12.459,9.4664,13.4275,33.62
13.8465,28.6122,14.32,14.3844,28.1656,0.6713
27.32,14.9011,30.794,2.2337,2.1652,22.5859
6.5988,28.0313,6.815,9.8695,1.4778,47.2076
10.7356,33.1253,1.1379,9.1933,44.6699,1.1379
1.0691,23.8728,50.0024,7.8038,1.0691,16.1829
17.0819,0.9076,0.9076,37.9887,20.4335,22.6807
1.0646,26.8365,25.4911,44.4786,1.0646,1.0646
1.0416,4.9821,1.0416,8.6431,49.1627,35.1289
1.1629,32.9359,22.8698,1.1629,13.0675,28.8011
1.0269,29.619,1.0269,28.0364,22.5927,17.6981
9.9743,47.6484,1.3007,38.4752,1.3007,1.3007
1.9045,46.7792,26.2159,1.1026,15.2987,8.6991
11.1578,1.4478,16.2572,50.9572,1.4478,18.7323
11.1116,27.9861,4.2909,4.2909,18.1339,34.1866
1.5763,1.5763,25.945,20.2016,47.6344,3.0665
17.3285,16.8983,13.3422,12.83,21.8989,17.7021
0.6931,33.8083,25.1065,7.4789,13.9771,18.9361
16.8136,1.3432,1.3432,28.8122,40.2895,11.3982
1.2198,1.2198,1.2198,40.0419,21.778,34.5206
0.9188,20.2834,35.1239,2.9731,0.9188,39.782
31.6078,0.8324,15.7252,8.0299,21.9289,21.8757
27.7314,11.817,10.9768,1.0424,25.1892,23.243
0.9433,40.2375,13.5588,31.3462,3.9961,9.9181
42.2036,1.1649,12.6406,9.9935,1.1649,32.8324
0.9625,34.773,0.9625,30.487,0.9625,31.8526
0.9361,15.2942,11.2786,34.5128,10.7796,27.1986
20.8257,8.7678,28.1565,0.6165,23.5929,18.0406
5.6591,0.8356,41.5368,30.5882,20.5447,0.8356
20.9905,19.0131,2.5827,14.7225,20.1933,22.4979
1.2784,1.2784,17.5633,12.292,37.9313,29.6565
1.4003,67.9593,1.4003,25.516,2.3237,1.4003
34.1898,0.7891,12.6267,0.7891,30.6045,21.0008
3.7016,26.3611,3.7016,49.4784,3.7016,13.0556
0.8869,16.6629,5.3085,40.4279,26.9869,9.7268
12.4439,29.2976,0.6159,21.8783,30.2693,5.495
4.7906,11.3575,32.2216,28.0477,22.7519,0.8308
24.6682,1.1259,1.1259,29.1722,42.7819,1.1259
2.6884,12.7767,18.7859,3.3063,22.256,40.1867
26.7314,21.511,25.9647,12.9384,11.6328,1.2217
16.2599,27.2608,21.0171,20.285,0.7659,14.4113
18.594,0.6637,19.9487,32.0196,11.8973,16.8767
13.8088,4.9971,42.2936,11.7044,12.7989,14.3971
14.8862,16.7993,24.9074,32.2363,10.3581,0.8127
13.0562,16.6982,12.544,29.4145,27.6342,0.653
44.4186,1.6489,0.9768,0.9768,26.0756,25.9033
3.7596,28.5962,45.6598,2.2561,18.7913,0.9369
21.614,0.6593,14.6809,9.8266,24.1424,29.0768
19.8837,38.0978,8.7166,0.8068,31.6882,0.8068
9.1602,21.5975,34.6706,8.1675,15.4464,10.9579
32.9668,1.7337,6.0662,9.5634,34.904,14.7658
26.1128,1.0424,46.4043,1.0424,1.0424,24.3557
1.3761,0.8567,14.3391,40.8675,0.8567,41.7038
0.9311,12.7674,13.866,25.2679,38.5241,8.6436
12.1724,21.5769,0.6531,17.0196,30.0044,18.5736
35.363,0.9612,25.2541,9.6263,25.2378,3.5576
30.8846,0.988,9.0294,22.9745,0.988,35.1355
42.189,1.3091,11.0125,1.3091,7.3177,36.8626
1.4557,17.1159,34.6365,1.4557,7.2588,38.0774
31.5677,34.5791,16.8835,4.4503,6.0538,6.4656
6.0488,3.6832,43.8293,0.9387,42.2313,3.2688
32.0185,0.9014,3.9709,22.3203,0.9014,39.8875
9.3779,25.5707,18.1472,4.7382,0.9216,41.2444
0.6323,0.6323,24.2795,16.6878,28.6061,29.1621
0.9082,36.6665,29.7682,26.482,5.2669,0.9082
19.8346,0.6852,23.396,6.0425,27.038,23.0036
45.372,36.6167,0.9574,0.9574,15.1389,0.9574
7.7483,6.0562,21.7552,25.9877,13.042,25.4106
5.729,39.4496,16.5434,0.8681,36.5417,0.8681
29.0736,0.8007,38.5714,5.638,0.8007,25.1157
0.8023,32.2537,0.8484,0.8023,35.9562,29.337
34.2264,11.6088,0.9041,0.9041,28.3608,23.9958
20.3067,13.1041,25.6555,8.9523,22.892,9.0894
30.1107,52.9333,1.7827,1.8442,1.0992,12.2299
6.9583,35.9543,7.6422,41.2041,3.4868,4.7543
19.3983,0.8023,22.1421,2.4448,29.6729,25.5396
34.703,16.3918,2.3805,15.3604,22.3161,8.8482
15.9174,26.9598,17.4354,0.5534,14.5296,24.6044
1.5863,1.5863,38.0938,28.9677,16.7691,12.9969
12.4462,14.4064,16.5261,6.7875,26.5555,23.2783
4.7435,4.7435,4.7435,4.7435,4.7435,76.2826
1.7604,28.6137,10.9762,1.7604,1.7604,55.1289
25.4149,0.8913,25.317,13.0105,11.0838,24.2825
16.074,12.6803,1.2539,31.9868,3.6805,34.3245
16.3198,0.8377,6.3009,24.2105,11.7228,40.6083
1.569,42.1686,23.9836,1.569,1.569,29.1407
33.8847,0.8528,3.8021,33.7088,9.3575,18.3942
7.1148,3.1075,27.4183,9.6476,26.6956,26.0163
0.851,40.4154,0.851,15.7299,18.6448,23.5078
8.1879,0.7169,31.8106,11.1616,24.1464,23.9765
30.814,0.7198,32.015,0.7198,31.1901,4.5414
0.8526,25.2214,38.395,0.8526,0.8526,33.8257
28.3332,4.5705,14.8338,8.5671,18.3007,25.3946
13.0414,35.7815,10.7551,16.1807,0.8553,23.386
29.5081,8.1819,11.6437,48.2142,1.226,1.226
26.4229,24.1529,45.9013,1.1743,1.1743,1.1743
1.2101,30.8646,35.9954,1.2101,29.5098,1.2101
13.2811,5.0214,45.2078,34.4441,1.0228,1.0228
1.1086,39.0325,12.8474,1.1086,1.1086,44.7943
17.5554,25.1845,18.4357,20.7045,0.6117,17.5082
1.1083,1.1083,1.1083,54.2857,1.1083,41.2812
17.5027,1.683,22.3461,1.683,20.1818,36.6033
9.355,26.0626,13.5865,1.0408,48.9142,1.0408
0.7082,0.7082,26.5404,18.5509,18.1926,35.2998
5.9862,16.0898,25.3839,6.9267,24.2077,21.4057
16.5014,21.9813,1.8294,17.8305,13.7173,28.1402
18.2168,21.7371,13.8949,13.4909,19.0068,13.6535
21.9836,1.0702,1.0702,23.5221,51.2835,1.0702
4.4677,27.5264,35.4249,5.194,0.8705,26.5165
59.3746,9.9033,1.3837,19.1151,1.3837,8.8396
8.5897,1.093,43.4492,31.2905,14.4846,1.093
0.7952,0.7952,34.1804,10.5055,16.9272,36.7964
61.0294,1.3322,20.1404,1.3322,6.3858,9.78
0.9137,33.6305,29.8626,0.9137,19.4039,15.2755
15.0315,18.0237,0.6749,8.6666,25.1865,32.4169
25.2103,39.114,1.5564,1.5564,25.7894,6.7735
25.7213,15.3763,11.1366,7.8315,24.1944,15.7398
19.216,19.1545,13.6707,18.5107,11.2774,18.1707
12.3476,27.9311,0.8984,0.8984,29.4313,28.4932
0.7152,0.7152,34.1747,4.8538,25.3367,34.2044
39.5364,0.8708,29.0606,12.7785,16.883,0.8708
23.3612,0.934,12.2865,45.1935,0.934,17.2909
7.9547,37.0869,0.8567,2.2472,26.9875,24.8671
31.6889,18.408,0.6475,23.4734,0.6836,25.0986
42.8417,0.9581,0.9581,12.299,0.9581,41.9849
30.9586,7.6229,0.8577,14.2778,13.213,33.0699
1.5444,36.0633,15.4747,16.5023,3.3871,27.0281
36.4943,25.2171,1.0276,1.0276,1.0276,35.2058
1.0831,36.8239,21.8674,38.0595,1.0831,1.0831
5.2933,27.2342,15.5537,17.2643,26.4388,8.2157
2.8958,45.7825,16.9633,1.003,25.2246,8.1308
28.3717,14.3735,12.1035,12.8854,24.0889,8.177
22.164,2.6158,0.7914,36.5981,0.7914,37.0393
31.436,24.1667,0.6773,20.2694,22.7732,0.6773
1.1201,11.9936,52.089,22.5207,11.1564,1.1201
16.7335,15.0778,20.9863,3.8031,24.4406,18.9587
15.6027,29.2237,25.6875,19.8478,8.3502,1.2881
11.9234,14.8536,9.7576,1.1653,45.2833,17.0168
31.2373,0.7677,35.3272,0.7677,0.7677,31.1325
19.689,20.1927,15.1573,15.0674,0.7419,29.1518
33.83,12.4102,12.0627,5.5066,4.259,31.9315
17.2055,1.5398,1.5398,14.1895,63.9856,1.5398
23.5802,23.0534,0.533,26.5998,25.7006,0.533
27.2391,27.0179,14.1911,13.2478,0.5854,17.7187
11.683,5.604,21.7368,24.3085,26.1056,10.5622
24.5304,33.8296,0.8231,0.8231,38.3226,1.6713
2.3706,16.8248,28.5793,24.391,10.1698,17.6645
20.7767,1.0881,1.0881,45.8095,1.0881,30.1496
20.7297,25.3976,7.3717,7.4515,12.333,26.7164
39.7995,0.9291,13.6106,29.8143,12.9062,2.9403
49.8093,1.4922,3.4247,21.8873,21.8943,1.4922
11.2491,21.1114,6.0009,12.6536,21.5087,27.4763
8.9234,37.695,0.825,31.1964,12.6466,8.7136
28.1625,5.1544,31.1667,11.4691,23.3989,0.6484
23.8629,20.7243,0.5665,27.0446,0.5665,27.2352
22.7337,0.7131,24.2145,30.5572,11.7433,10.0382
20.3088,14.82,13.61,14.9256,20.7201,15.6154
33.4564,1.0329,37.8828,1.0329,25.5622,1.0329
10.6747,0.6749,29.2997,23.9781,21.8198,13.5527
33.7859,0.8168,34.8327,4.6586,0.8168,25.0892
24.0379,34.9139,38.6005,0.8159,0.8159,0.8159
9.7066,20.5027,24.112,6.7939,22.0694,16.8155
0.9747,16.3476,25.6837,13.713,25.0507,18.2304
18.7115,14.2662,16.6938,30.5103,11.067,8.7512
13.5186,31.4727,36.1896,10.7604,7.1811,0.8776
18.3472,8.6435,0.7617,22.1306,16.4321,33.6848
0.815,24.2971,37.6153,0.815,21.3791,15.0783
27.3327,15.2568,1.0618,1.0618,3.6896,51.5974
15.426,1.2702,1.2702,25.9815,46.8744,9.1779
32.1324,0.789,37.9186,10.2656,0.789,18.1054
20.0732,20.1082,20.4607,13.389,16.1981,9.7707
7.6386,25.6671,14.2919,15.952,1.0529,35.3975
29.6317,1.5717,64.0816,1.5717,1.5717,1.5717
33.0186,28.9388,6.2357,7.5214,22.9207,1.3649
19.0841,2.0183,2.0183,66.6462,3.6042,6.6289
16.888,19.6108,0.5695,21.7855,15.9861,25.1601
11.3899,8.5933,21.9435,20.8022,16.8051,20.4659
8.4624,30.1652,0.8267,37.7359,0.8267,21.9831
30.4845,18.8971,26.6533,21.5792,1.0669,1.319
0.6813,15.2499,27.9206,19.711,32.0271,4.41
25.6031,0.808,36.6107,21.8689,6.6815,8.4279
11.7296,0.8351,35.5537,11.4373,39.6093,0.8351
26.6986,24.4867,0.6027,1.6628,29.5945,16.9547
8.2537,17.4732,25.4878,0.6999,26.1812,21.9041
7.7002,47.6584,32.1682,10.4359,1.0186,1.0186
39.7298,13.3048,5.354,0.9588,24.9187,15.7339
20.6756,23.0333,18.2068,5.869,0.8046,31.4107
37.914,17.1236,0.7855,24.856,0.7855,18.5353
15.8776,1.3342,1.3342,26.8498,50.4234,4.1807
0.5823,28.3712,25.8711,3.1597,15.5844,26.4313
24.1297,25.1334,27.8261,9.3057,0.6294,12.9756
5.0193,25.5819,2.075,23.0828,2.075,42.166
1.0211,1.0211,8.0257,39.1796,49.7314,1.0211
32.5662,16.3645,1.5221,13.1927,11.4315,24.9231
1.1756,2.6968,39.8482,10.1633,23.9007,22.2154
34.677,40.2322,1.7175,0.91,21.5533,0.91
0.9997,32.6484,16.4317,27.02,0.9997,21.9004
18.4555,22.9611,19.1524,18.9955,15.9713,4.4642
1.0165,15.6237,18.4417,1.0165,13.8348,50.0667
20.6838,22.5899,6.5339,21.3673,18.5107,10.3143
0.8971,20.4223,33.9524,13.6542,30.1768,0.8971
25.4652,1.6513,10.861,1.6513,58.7199,1.6513
24.876,1.2634,20.6039,1.2634,50.7299,1.2634
33.3196,29.2481,13.2898,1.5158,21.111,1.5158
0.9045,9.1263,36.0407,30.4764,22.5476,0.9045
11.9668,25.0563,5.7594,5.0536,30.7742,21.3896
0.7476,0.7476,36.7986,2.8005,29.4749,29.4309
27.5004,23.0882,20.0913,5.3389,11.3698,12.6114
69.5229,1.6687,23.8025,1.6687,1.6687,1.6687
19.3409,35.1359,21.834,0.8807,5.3174,17.491
24.2764,2.9766,11.1709,15.4276,15.4575,30.691
28.6284,9.2475,4.5559,28.0139,23.2706,6.2837
18.9461,16.8851,26.7897,26.9471,0.5475,9.8845
10.183,1.2499,36.5733,33.4107,1.2499,17.3332
18.7008,12.0286,0.8637,15.9357,32.6422,19.8289
1.1904,47.9461,44.5133,1.1904,1.1904,3.9694
30.0973,14.2218,0.813,16.3853,0.813,37.6696
0.666,16.9271,33.0371,11.0249,19.6093,18.7354
11.2938,14.3974,26.957,23.1707,23.5187,0.6624
18.8575,12.1715,5.6515,22.1989,8.4483,32.6723
18.0206,28.1005,20.9855,1.2755,13.825,17.7929
27.5482,16.0279,1.3196,1.3196,45.957,7.8277
1.2928,20.852,1.2928,15.6971,57.4477,3.4175
22.984,4.6195,8.6981,19.3491,12.3399,32.0095
34.6063,2.4277,2.4277,54.6137,3.4969,2.4277
7.1365,23.6155,25.447,0.5828,25.1792,18.0389
1.122,41.6156,20.231,1.122,34.7875,1.122
9.8774,0.6916,29.8686,5.975,22.1388,31.4486
6.7988,31.7337,22.7867,0.76,0.76,37.161
19.2323,19.4988,7.0409,29.5434,24.0566,0.6281
7.2088,29.0816,13.9798,1.0703,24.6163,24.0432
29.5112,25.4341,2.5395,11.2471,28.3288,2.9392
9.3854,3.0829,13.0851,38.5816,1.3378,34.5272
40.3659,16.3092,0.81,35.4645,6.2404,0.81
10.514,49.1128,1.0762,8.5037,2.943,27.8503
1.3642,28.0252,65.2444,2.6377,1.3642,1.3642
6.1616,27.116,1.0406,10.8458,33.5926,21.2434
22.6838,7.4755,13.2866,9.9345,17.7579,28.8618
29.9833,11.1652,25.6275,0.6234,14.6385,17.9621
0.8664,5.4457,17.8723,5.1289,39.8915,30.7953
8.4759,16.4005,45.1681,14.5013,14.1717,1.2826
0.8292,33.9684,0.8292,39.9629,21.6682,2.7421
64.1154,6.134,1.4146,1.4146,1.8082,25.1132
13.7033,14.0977,0.7089,26.0144,24.6093,20.8663
16.6667,16.6667,16.6667,16.6667,16.6667,16.6667
0.7201,35.2407,19.3505,0.7201,23.127,20.8416
24.9683,17.4332,0.6572,0.6572,32.3492,23.935
0.9874,18.1411,48.6061,0.9874,21.4728,9.8053
26.6878,33.4325,29.3118,2.3306,2.3306,5.9067
8.8616,0.8025,14.8495,38.7635,0.8025,35.9203
42.6561,1.1603,1.1603,6.3556,47.5073,1.1603
1.2625,29.3557,1.2625,12.9158,37.2199,17.9836
21.2477,0.8711,3.7154,32.7871,6.8991,34.4796
5.3099,14.5568,10.8766,41.936,0.8518,26.4689
24.402,0.91,9.6453,24.9935,29.1433,10.9059
12.7206,0.947,25.6968,40.1818,0.947,19.5068
24.1035,21.0638,15.0398,24.93,6.8707,7.9922
25.8598,32.7891,17.5676,2.2978,1.2527,20.233
50.1828,9.2735,1.3305,20.2352,17.6475,1.3305
17.3629,28.5968,0.6977,17.2137,28.7573,7.3715
22.7127,12.9982,10.8616,27.359,15.6922,10.3762
19.6073,6.8007,32.7001,4.3865,31.7081,4.7974
21.9167,11.7286,0.5003,22.7841,22.286,20.7843
19.2908,13.2092,19.2859,37.63,0.7706,9.8135
26.3315,10.7947,21.6051,26.7678,0.5838,13.9171
1.19,1.19,50.0361,29.0493,17.3447,1.19
0.9992,12.4237,23.6725,8.5545,29.9265,24.4236
0.6899,25.351,13.836,0.6899,28.5241,30.9092
1.5427,23.7424,48.3354,10.8439,13.9929,1.5427
0.6884,1.778,13.3344,27.9448,22.2548,33.9997
23.6352,14.1049,2.6539,16.7324,23.4908,19.3828
1.7656,11.3106,11.7888,12.8712,31.3934,30.8704
8.8954,6.0703,45.251,13.1323,1.1233,25.5277
0.913,31.3198,10.9515,11.9263,34.7233,10.1661
44.3813,29.0496,1.2028,18.5732,5.5904,1.2028
28.5721,1.1471,1.1471,49.7991,18.1874,1.1471
12.7153,29.2043,32.3142,5.5832,19.2891,0.894
66.087,1.7536,1.7536,1.7536,2.0024,26.6498
8.7159,26.6459,6.492,24.0627,27.4983,6.5852
17.8522,22.6641,9.3832,17.2958,6.0234,26.7813
23.3566,2.2535,32.749,0.7491,33.677,7.2147
0.5269,26.3458,24.0582,0.5269,26.3,22.2421
34.7034,12.8173,35.6532,15.3558,0.7352,0.7352
21.4199,28.6939,2.7915,26.5566,0.6341,19.904
5.318,73.4102,5.318,5.318,5.318,5.318
21.4997,8.8196,22.7488,0.5229,22.8172,23.5919
14.2742,17.6985,24.1858,21.5857,13.0198,9.2359
1.0458,21.1337,36.207,1.0458,1.0458,39.5219
1.2902,42.9886,30.9143,7.3946,9.0697,8.3427
11.3555,29.3963,25.2101,0.7007,12.6428,20.6945
0.8636,0.8636,26.9353,9.0546,20.1916,42.0913
1.2777,30.9377,52.6418,12.5873,1.2777,1.2777
24.8156,18.7607,11.7954,17.8131,14.7862,12.0291
2.0039,89.1976,2.0039,2.7869,2.0039,2.0039
1.3575,38.5602,22.7267,34.6405,1.3575,1.3575
6.5127,0.9599,11.3163,27.7781,7.1025,46.3305
30.5589,0.7564,23.6109,29.3371,0.7564,14.9804
66.0408,2.7837,2.7837,2.7837,2.7837,22.8243
0.9977,0.9977,33.0117,21.8569,42.1381,0.9977
25.6022,20.2524,12.0004,19.982,0.5574,21.6056
14.5512,5.64,0.7864,35.5832,25.1167,18.3225
27.9463,0.7425,8.007,35.5754,26.9862,0.7425
14.743,1.6121,69.0871,1.6121,1.6121,11.3334
1.5525,71.9695,1.5525,1.5525,15.0827,8.2902
21.0362,0.8927,25.4321,36.6335,0.8927,15.1127
50.7451,1.147,18.151,1.147,11.4213,17.3885
1.2043,23.6098,15.556,16.6575,18.5681,24.4044
0.842,19.8653,15.2605,19.925,3.0594,41.0479
21.5467,0.8837,27.0021,33.8022,0.8837,15.8817
19.2462,17.5544,14.635,35.2649,10.5703,2.7292
34.5237,26.8033,0.7233,30.0227,0.7233,7.2036
16.4784,1.3282,1.3282,46.5757,5.6493,28.6402
1.2101,15.0577,47.7794,1.2101,7.7373,27.0055
0.8907,25.4221,31.5126,16.2364,12.8356,13.1027
0.8907,28.7481,36.3717,0.8907,32.208,0.8907
1.8052,83.5087,1.8052,9.2704,1.8052,1.8052
16.2511,27.5643,14.5818,1.1443,39.3141,1.1443
1.045,8.9897,29.7773,35.6495,1.045,23.4936
29.2726,48.5417,0.9998,7.3747,11.8495,1.9617
0.8878,0.8878,42.8666,0.8878,17.2096,37.2603
8.3897,8.6725,51.0041,1.0252,1.0252,29.8834
17.9965,14.3636,20.0046,10.4562,19.5559,17.6233
3.7436,61.5501,3.7436,3.7436,3.7436,23.4754
19.5432,20.3841,26.9263,20.8264,11.6954,0.6247
23.1771,20.5862,10.8931,23.4009,21.4565,0.4862
16.5957,21.0394,27.9336,6.1281,15.393,12.9103
55.7504,12.4552,1.2222,1.2222,1.2222,28.1279
13.8604,0.841,35.05,28.8996,0.841,20.5079
14.3623,8.6187,35.9603,0.8027,10.9661,29.2899
33.4513,12.6255,13.3516,0.8248,21.6831,18.0638
0.8967,9.8528,26.876,20.2919,4.0335,38.049
49.6974,1.0832,1.0832,11.9106,1.0832,35.1424
0.777,22.6124,24.7193,10.3177,33.7754,7.7983
51.571,1.0417,13.6514,19.5747,1.0417,13.1196
0.9704,23.5552,16.2375,26.353,0.9704,31.9134
9.5419,4.8103,2.1286,23.0849,35.024,25.4103
24.1671,10.5442,21.2363,33.6157,9.6994,0.7373
19.081,3.5609,0.8401,41.3713,0.8401,34.3066
11.2044,25.8234,4.3174,0.8071,30.4729,27.3748
0.8463,17.1759,40.4334,35.9122,0.8463,4.786
12.5393,0.7395,27.6518,21.0649,28.2138,9.7907
16.0807,0.6965,23.3027,28.9104,3.7603,27.2494
39.8864,7.2338,18.3489,31.0824,1.7243,1.7243
0.9451,0.9451,24.7305,25.7107,46.7235,0.9451
1.2053,25.3323,19.6611,17.2468,25.3957,11.1587
21.8531,11.8083,29.5971,6.0689,17.4248,13.2477
14.5462,0.6473,31.1727,26.7959,1.5764,25.2614
25.6625,0.5901,6.914,14.6896,27.2614,24.8825
2.4792,2.4792,2.4792,87.6041,2.4792,2.4792
1.0505,10.1129,37.3359,20.6778,4.7768,26.0461
15.3892,0.7804,22.871,27.3372,21.1074,12.5148
17.1162,20.7522,20.3771,27.0647,0.6325,14.0573
0.9903,45.0892,0.9903,32.0514,19.8884,0.9903
33.6955,16.3216,7.9688,27.1188,3.8199,11.0753
0.9823,36.0773,9.2665,12.3459,18.242,23.0861
0.9872,24.3802,3.326,0.9872,38.6996,31.6196
2.1033,2.1033,46.1713,32.4615,15.0572,2.1033
12.6898,33.9895,1.1964,1.1964,5.1283,45.7998
1.0178,32.8004,22.0166,0.7565,34.6102,8.7985
22.6092,0.8411,32.5208,11.7066,4.4405,27.8818
0.9389,0.9389,38.0503,36.7633,15.9388,7.3698
9.7575,20.6917,26.4022,0.6638,15.0484,27.4364
7.0817,1.9927,51.544,25.2104,1.9927,12.1785
26.6824,11.0601,0.8155,0.8155,37.7592,22.8673
2.3017,2.3017,8.7541,2.3017,23.567,60.7739
32.9247,3.7567,12.9902,0.8308,27.6685,21.829
10.8316,26.2127,1.2216,59.2907,1.2216,1.2216
1.5494,49.1688,1.5494,44.3566,1.5494,1.8264
1.584,6.9985,47.008,1.584,5.2144,37.611
31.0776,0.8209,17.3542,14.9201,0.8209,35.0063
13.0314,23.2331,33.5835,8.4234,0.7651,20.9635
33.6882,24.8293,1.0962,25.6746,13.6156,1.0962
8.595,30.3181,28.2424,0.899,1.4136,30.5319
6.012,4.3169,25.2994,2.0747,60.2223,2.0747
14.1995,1.5641,3.7184,1.5641,1.5641,77.3899
9.5562,1.316,11.277,30.0824,12.0154,35.753
7.9697,20.2921,0.9331,42.955,11.031,16.8192
4.9543,4.9543,70.4838,4.9543,9.4055,5.2479
27.8731,61.3864,1.4812,1.4812,1.4812,6.2968
1.9725,33.0801,51.9744,1.9725,9.0279,1.9725
11.7125,14.2122,19.4486,51.9714,1.3277,1.3277
40.6922,20.6144,1.1263,1.1263,35.3145,1.1263
1.1118,25.4786,42.2322,1.1118,17.0693,12.9962
18.013,23.1072,0.7137,17.3402,6.2492,34.5766
13.935,0.668,23.6346,28.7044,24.4802,8.5777
0.6064,21.0517,29.2781,22.4285,21.9526,4.6827
21.2561,8.3827,35.7674,4.5532,0.8183,29.2223
0.9984,27.6792,16.866,0.9984,31.4064,22.0517
0.5573,24.0342,24.9157,23.3195,10.078,17.0955
32.3341,19.2111,21.3181,25.6287,0.754,0.754
46.4369,9.9664,0.9749,15.9018,0.9749,25.7452
15.7802,5.9094,13.2127,28.0401,11.2134,25.8441
7.4452,0.8977,42.1691,1.0911,20.1636,28.2332
19.3137,2.4607,40.6467,2.4607,2.4607,32.6575
27.0148,1.3588,39.4345,20.8245,10.0087,1.3588
49.013,1.9399,1.9399,43.2272,1.9399,1.9399
21.8283,0.8976,36.0591,4.4797,5.9912,30.7441
2.9445,20.7905,19.5171,0.6954,32.5827,23.4698
4.5937,5.5568,2.7868,53.2568,2.7868,31.0191
40.733,41.104,1.3362,1.3362,1.3362,14.1543
1.656,1.656,44.1918,1.656,21.6449,29.1953
1.7788,1.7788,33.0663,1.7788,16.9545,44.6429
21.0751,18.4614,13.0048,20.1226,6.5693,20.7669
0.8872,24.7895,38.3401,0.8872,31.9024,3.1935
23.8113,14.3332,25.9109,8.0566,9.5461,18.3418
32.6452,6.7784,0.96,35.435,23.2214,0.96
20.3831,24.4994,1.2493,28.2072,0.6392,25.0219
25.5689,25.9509,22.2628,5.6657,16.5858,3.9658
37.5631,0.8848,28.2028,15.7832,9.2721,8.2939
32.8944,7.3827,29.0948,29.2345,0.6968,0.6968
1.2687,44.9063,44.1876,7.1,1.2687,1.2687
1.1495,52.269,1.1495,1.1495,43.133,1.1495
11.4298,14.5585,5.8164,0.9794,21.0021,46.2138
1.8041,21.7983,1.8041,10.6235,1.8041,62.1657
11.0845,0.9575,44.4484,0.9575,27.8317,14.7202
18.0357,26.879,21.9017,0.6692,28.2094,4.305
1.1962,37.0766,1.1962,1.1962,49.7417,9.5931
11.5722,14.2818,41.183,15.4781,15.7003,1.7845
28.116,7.4703,28.5999,0.6909,13.3669,21.7559
1.0475,49.7755,20.9952,26.0867,1.0475,1.0475
1.7061,33.8011,43.9162,2.8396,16.0309,1.7061
17.0756,27.8481,16.9259,12.6695,16.3177,9.1631
15.4325,29.4302,26.9724,6.0734,17.0499,5.0416
4.3236,22.7044,21.9686,0.8758,35.2604,14.8673
24.4864,17.7926,1.0097,5.629,47.6599,3.4224
1.7704,18.7251,39.2173,2.6027,1.7704,35.9142
12.5698,9.3465,25.0539,26.3424,0.5479,26.1394
9.8396,23.7094,14.0438,37.0815,0.7742,14.5515
23.0887,10.1724,4.375,20.0477,12.8378,29.4784
24.8751,0.5225,17.7608,24.1151,6.898,25.8284
14.7431,3.4987,27.6871,30.3995,17.8323,5.8393
74.6698,4.2569,4.2569,4.2569,8.3026,4.2569
34.3149,1.1247,1.1247,27.5501,34.761,1.1247
8.3779,0.9777,47.9358,19.7166,22.0141,0.9777
31.7146,13.0631,17.1729,33.3951,3.8473,0.807
0.9259,0.9259,0.9259,43.1441,19.9036,34.1745
27.6171,18.7089,0.8022,31.4956,20.574,0.8022
40.427,0.9301,31.2198,2.3172,24.1758,0.9301
0.8107,0.8107,33.5587,19.5787,13.4851,31.7561
3.9507,25.2885,1.0961,1.0961,17.9377,50.6308
52.4138,4.7577,18.7846,1.1419,17.5247,5.3773
50.7438,2.3519,2.6449,37.5839,4.3236,2.3519
25.6348,0.6409,25.648,0.6409,20.9469,26.4885
1.1959,44.9209,1.1959,50.2957,1.1959,1.1959
4.0781,4.0859,15.6284,17.5312,29.6419,29.0346
39.7103,1.1582,38.5468,1.1582,2.1626,17.264
1.3856,58.3397,36.1178,1.3856,1.3856,1.3856
14.2473,0.8738,29.5622,39.118,0.8738,15.325
1.6726,13.4494,1.6726,1.6726,79.8602,1.6726
19.3097,25.3298,27.0056,2.724,13.5313,12.0996
0.6047,24.1026,23.9986,22.2113,26.371,2.7118
14.2295,19.2147,17.3419,21.8343,16.7263,10.6534
46.9832,1.5865,1.5865,20.0224,12.8021,17.0194
18.6068,31.6483,19.9954,3.4476,25.6224,0.6794
0.796,33.4546,29.8686,0.796,34.2889,0.796
12.0393,20.2977,12.0879,30.7749,22.585,2.2151
23.3685,17.4088,18.1439,20.4028,1.7986,18.8774
1.5439,10.4581,1.5439,61.8808,21.3008,3.2724
21.7686,9.2258,1.8284,18.4986,5.2351,43.4435
15.6032,0.6627,0.7683,29.6869,21.9047,31.3741
8.1223,20.2722,1.8147,21.7192,19.26,28.8116
24.3476,21.7347,19.6159,0.5341,10.024,23.7437
26.9024,1.1571,54.1764,1.1571,15.45,1.1571
41.4334,1.0904,4.0612,44.5336,7.7911,1.0904
13.7117,30.1725,6.197,0.7928,32.8067,16.3193
29.2005,0.6768,28.6547,15.8171,1.4807,24.1702
4.5884,27.6508,3.1274,1.3155,59.8773,3.4405
14.1249,16.1197,25.6687,0.843,32.6366,10.6071
30.3846,0.727,32.6825,12.7125,0.727,22.7665
6.1628,12.9496,11.8274,19.2505,25.0878,24.722
29.0923,23.3963,0.6114,23.0461,0.6114,23.2424
23.7488,0.5428,20.3578,25.3773,4.8729,25.1005
24.9567,39.5167,0.973,0.973,28.5024,5.0782
27.2283,0.9652,20.5814,34.919,15.3409,0.9652
16.5172,28.7761,0.7406,30.3758,0.7406,22.8498
20.3527,15.7754,0.9831,0.9831,13.4778,48.4279
0.6966,29.3352,30.8586,1.5129,3.7976,33.7991
8.5474,25.3468,0.9082,4.186,29.1254,31.8862
24.3573,13.5638,27.1095,27.4138,4.277,3.2786
8.4188,11.3613,1.1544,35.3163,42.5948,1.1544
0.634,29.2338,25.1501,1.7537,30.0574,13.171
23.789,17.7124,28.4236,4.2205,16.8858,8.9687
7.0767,53.6837,5.5542,22.5771,5.5542,5.5542
30.6506,1.0319,18.1421,1.0319,3.3999,45.7435
1.0108,28.328,1.0108,1.0108,44.437,24.2025
19.6621,6.8425,23.3386,19.9473,0.9783,29.2312
22.6412,23.3397,11.9869,27.4538,13.8837,0.6947
16.5349,14.7056,13.1288,9.6698,23.9816,21.9793
18.1806,9.9139,17.8375,6.527,23.4681,24.0729
34.6235,0.8551,13.0664,14.4529,8.189,28.813
1.0226,50.6835,11.9919,1.0772,1.0226,34.2023
15.5226,20.187,19.7818,21.5632,12.1321,10.8132
12.7096,23.3409,13.2693,0.9189,32.483,17.2783
5.3697,49.2938,27.8463,5.8327,9.7392,1.9183
1.9953,1.9953,9.8259,66.5589,1.9953,17.6293
7.4211,35.5063,29.3055,0.8017,0.8017,26.1637
5.1536,41.001,0.8338,18.7556,33.4222,0.8338
39.4183,13.1742,1.0398,5.1897,28.6383,12.5396
42.0053,1.8949,9.919,22.9052,21.3806,1.8949
24.7659,2.209,22.5686,15.7791,1.766,32.9114
0.9237,41.5691,3.2483,18.4543,0.9237,34.881
1.0309,24.8829,25.4893,9.7969,20.0292,18.7708
1.2442,37.5898,57.4029,1.2747,1.2442,1.2442
1.2218,18.9672,31.7931,1.2218,45.5743,1.2218
0.9253,25.9554,20.2612,1.1581,40.9096,10.7904
10.0743,11.812,0.8014,27.3317,10.6191,39.3615
11.9067,5.5811,27.9025,8.3828,26.8984,19.3284
15.862,16.7693,20.4257,10.0243,22.0905,14.8282
18.1823,23.6014,0.9848,16.7062,10.6601,29.8653
10.3323,13.7491,16.8626,10.9009,31.2949,16.86
11.6153,4.059,31.654,25.9919,0.7729,25.9069
4.3431,25.95,19.3061,22.9651,16.4402,10.9955
21.7824,20.1254,17.8902,0.72,34.1826,5.2994
10.0207,1.5866,18.9045,29.0315,21.5883,18.8685
28.3248,7.4856,27.4207,15.2023,9.295,12.2716
50.4806,1.2582,24.5025,1.2582,21.2423,1.2582
18.2539,2.115,2.115,73.2863,2.115,2.115
1.3277,39.6771,37.5704,1.3277,1.3277,18.7694
30.8334,12.0442,8.863,7.6557,6.0398,34.564
11.0326,1.5705,1.5705,20.0335,1.5705,64.2226
28.0207,18.2243,0.6845,20.1251,5.12,27.8254
29.7628,5.9912,14.0187,4.8682,44.3382,1.021
2.8442,27.2945,34.6978,31.9753,1.5941,1.5941
16.034,15.7587,25.0832,22.1491,4.656,16.3189
21.9964,1.1422,1.1422,18.0765,30.2203,27.4224
24.4943,0.5328,19.1953,13.1913,22.5787,20.0075
24.7797,17.1757,26.6349,0.5705,16.5724,14.2668
24.8905,17.3546,9.9909,26.6368,20.5107,0.6166
1.1249,25.265,1.1249,4.4089,39.7432,28.3332
10.0432,1.681,25.26,33.7408,28.5913,0.6837
50.1579,5.8303,5.6525,28.1631,2.8122,7.3839
49.3708,1.9184,37.0654,1.9184,7.8086,1.9184
19.5669,0.696,7.4659,20.9171,31.4595,19.8945
0.6228,0.6228,25.1939,20.5207,28.6563,24.3836
26.318,1.6583,50.2809,13.0818,7.0026,1.6583
6.2107,12.2543,32.1241,27.7923,0.6685,20.95
12.9532,19.7663,21.7707,23.9458,2.9011,18.6629
16.138,29.1089,20.3034,0.7466,30.2966,3.4066
56.3589,6.2118,1.5999,1.5999,32.6296,1.5999
0.806,23.0097,6.5524,37.576,31.2499,0.806
43.9115,1.0059,18.0822,8.8675,15.2932,12.8397
11.4339,0.967,21.0882,47.0701,0.967,18.4739
30.6825,24.9216,0.7343,21.1489,0.7343,21.7783
39.5567,0.9739,0.9739,4.6231,21.7743,32.0981
0.7057,13.1919,29.0884,27.1518,11.7274,18.1347
14.1428,5.4579,17.178,1.0158,26.4458,35.7597
17.8208,0.9675,3.4792,36.2722,40.4927,0.9675
1.178,1.178,38.641,18.4502,24.4701,16.0828
6.2674,12.618,15.4372,27.5455,8.768,29.364
11.4384,25.2426,10.5877,28.7141,0.7113,23.3059
19.1686,21.4053,18.8084,8.1567,16.5804,15.8807
3.7523,29.0551,1.5037,1.5037,1.5037,62.6815
0.604,29.8929,17.5776,29.1989,2.2689,20.4577
1.8238,25.2359,4.599,21.2695,33.5319,13.5399
17.9577,28.9843,20.4649,0.8844,11.0319,20.6768
21.1814,18.4913,16.9069,26.4183,5.5624,11.4397
1.0796,7.3117,38.6497,5.0054,1.0796,46.8739
23.3958,1.1249,51.8796,1.1249,8.0885,14.3864
45.2826,1.2448,27.2203,23.7628,1.2448,1.2448
9.6589,0.8822,42.005,3.2581,43.3137,0.8822
0.6356,16.6724,31.6572,11.8951,31.2804,7.8592
34.477,23.4183,18.5024,1.125,1.125,21.3521
5.65,26.5048,18.7048,9.2876,37.9715,1.8814
44.4548,1.5392,25.4213,8.675,18.3704,1.5392
19.4659,25.4953,0.5747,8.6402,24.3903,21.4336
23.5176,0.5763,19.5899,8.6795,25.1202,22.5165
0.5887,24.2624,0.5887,23.9543,25.7538,24.8521
40.926,1.2599,5.5767,7.3318,43.6457,1.2599
36.8568,29.7748,0.7739,31.0468,0.7739,0.7739
26.6481,8.353,23.1711,26.677,12.6584,2.4925
1.0147,44.7204,3.2149,39.0263,11.009,1.0147
11.2798,33.0784,27.3456,0.7395,26.817,0.7395
