W,Ta,Mo,Nb,Zr,Ti
22.9284,15.845,5.1439,25.929,12.3104,17.8433
9.9829,28.2726,27.2989,5.9364,22.8699,5.6393
11.1786,48.0425,7.5925,2.8154,21.7332,8.6379
7.2794,18.316,1.2307,24.9097,22.2623,26.0019
24.1179,12.3849,2.5692,10.2998,30.699,19.9292
26.1642,19.5499,14.2782,23.7302,13.0604,3.217
16.2769,16.6166,38.3685,7.7647,8.4452,12.5281
8.66,19.7913,25.2293,21.1971,7.6979,17.4244
15.5153,25.9899,2.1557,9.6241,23.5016,23.2134
22.5006,12.3092,23.7183,6.0946,12.91,22.4675
17.8897,13.8079,22.4782,20.7864,23.7182,1.3197
12.3394,13.2317,36.1242,16.2804,21.9725,0.0517
22.2986,19.5167,17.1419,15.5056,15.2401,10.2971
1.227,11.5909,28.418,27.1043,8.2919,23.3679
26.2302,10.5246,8.6061,23.7256,10.9014,20.0121
16.0176,17.3639,21.5678,17.9303,3.4963,23.6241
17.8624,10.58,3.6323,9.8466,28.8956,29.1831
17.5072,21.1956,23.152,21.4431,4.9767,11.7253
6.9264,3.8144,4.7122,24.957,30.4129,29.1771
12.3265,11.1415,12.0286,24.5282,25.8338,14.1414
1.3511,17.8609,26.5346,21.1717,11.1651,21.9166
14.9881,3.4767,21.7996,16.2007,22.4858,21.0491
0.7671,38.0038,36.0514,13.3305,7.8047,4.0425
22.888,9.9211,29.4206,7.6052,22.2118,7.9534
2.402,25.6301,22.106,23.8066,3.4261,22.6292
1.773,9.3902,27.9983,1.2986,10.9906,48.5492
20.054,16.6389,4.239,7.0625,23.7892,28.2164
19.9155,12.7415,1.7131,21.6585,22.0446,21.9267
8.8975,14.558,14.1592,14.9313,23.3061,24.148
12.4764,1.9236,20.0137,36.1798,23.1858,6.2207
6.1695,23.151,16.3099,23.8162,3.7759,26.7774
7.3813,26.6628,14.3818,17.0022,1.2705,33.3014
32.4235,13.3924,20.0111,15.6538,9.6918,8.8273
2.5249,17.532,36.2126,8.8829,13.5191,21.3285
15.553,30.1467,10.3065,15.8178,25.1964,2.9795
24.1016,19.9642,7.2236,18.9993,7.4483,22.263
10.1569,18.48,14.2663,15.8512,18.6905,22.555
17.5243,14.0169,5.795,11.8953,20.9179,29.8506
1.1904,14.2459,14.3623,29.8038,21.7676,18.63
14.8349,17.7786,12.6476,27.4539,10.9685,16.3166
12.8792,4.7934,11.3128,27.7049,26.8138,16.4958
14.0579,3.2279,9.3662,11.1537,42.3002,19.8941
11.6534,14.4295,8.1879,15.5564,18.9488,31.2239
33.885,6.701,10.4989,4.0956,12.9494,31.8701
15.3745,32.5202,10.9212,1.3848,36.8373,2.9621
26.2681,25.7409,12.7671,6.9199,8.2173,20.0868
2.3228,27.5805,9.2134,30.5392,2.1404,28.2038
27.3723,25.7855,16.3193,19.0174,3.0976,8.4077
15.2918,9.4559,20.4117,10.9509,31.1361,12.7535
10.9121,13.0329,7.8858,27.9545,15.657,24.5576
0.2297,8.3346,31.0747,23.0021,29.0333,8.3257
29.205,10.3471,7.3199,3.9636,6.2231,42.9412
23.6625,14.2164,7.6515,20.0641,21.9493,12.4562
5.7022,11.2833,30.9667,20.176,18.8079,13.0639
21.1308,13.3843,23.2474,22.7663,7.2209,12.2503
19.4746,28.6176,35.0419,6.5871,10.1426,0.1361
17.6458,16.6114,7.4995,9.7197,23.6622,24.8614
21.4027,26.6155,10.1372,6.0244,11.1251,24.6952
9.7086,30.1353,29.7313,13.2331,10.8903,6.3015
7.1708,35.7942,3.4965,3.4033,15.1424,34.9928
6.8323,35.5568,3.6956,15.8882,33.4074,4.6198
19.4071,17.3853,15.8821,16.1887,19.6579,11.479
21.8024,5.0977,6.9078,16.6047,29.3405,20.2469
14.3121,40.7372,7.6178,16.5556,14.7799,5.9974
20.1481,15.5649,26.9948,5.6134,18.2968,13.382
16.8383,27.185,1.9447,8.3138,30.56,15.1583
14.3808,30.2863,25.1904,10.6186,10.8966,8.6273
21.4168,13.3467,24.5476,17.7893,4.2536,18.646
22.2709,7.0195,11.6127,23.1441,20.9925,14.9604
19.2109,4.0672,10.9202,14.7352,23.3744,27.6921
25.8196,8.066,30.9553,3.9074,19.4886,11.7631
12.1768,17.3229,22.6771,16.9914,8.6676,22.1642
16.3648,26.9836,25.2487,19.7612,10.6665,0.9752
2.365,23.2249,23.8186,28.7976,10.983,10.811
16.7271,10.2013,21.0056,26.963,2.86,22.243
34.7874,17.5063,8.6174,20.987,7.2533,10.8486
5.7615,33.1209,5.1769,27.2995,24.9126,3.7286
16.285,24.2317,7.3413,21.5676,4.6061,25.9682
4.8171,23.6377,23.3996,8.8089,14.9589,24.3778
19.5074,3.7417,8.0057,22.909,21.9588,23.8775
6.3487,7.093,30.8457,33.4931,18.8919,3.3277
3.7274,9.0051,30.6348,9.4032,29.7352,17.4943
8.2486,14.8052,19.2095,24.3892,17.0655,16.282
14.856,5.5257,24.9147,22.1804,9.2173,23.3059
24.9613,2.9894,0.5157,41.5571,29.9566,0.0198
9.9798,19.3174,21.2147,17.4812,21.65,10.3569
10.8901,21.8066,10.6707,24.8012,19.4459,12.3855
26.2917,15.6799,9.7591,23.9067,21.6252,2.7375
28.983,1.3487,40.1203,3.7396,17.2089,8.5994
1.8545,20.4303,33.253,8.8979,33.5625,2.0019
3.6271,1.9091,30.7863,29.3018,27.9078,6.4678
1.9727,10.6539,36.1915,22.2147,4.3187,24.6485
20.9642,13.4205,25.4903,14.3097,4.6207,21.1946
22.137,20.9764,6.3681,21.8619,20.6527,8.004
5.4851,29.7182,6.1558,29.4264,24.6398,4.5746
18.251,12.5491,30.7811,4.1763,25.4287,8.8138
11.0495,1.1749,28.1948,16.0404,26.0035,17.537
3.916,13.7277,18.0082,11.9205,16.7506,35.6769
16.0452,11.8287,19.3856,26.4535,10.694,15.5931
27.9739,11.9318,13.4281,19.2211,8.2214,19.2236
2.4249,27.7197,29.7701,16.7356,14.7568,8.5928
11.9217,3.922,21.3928,17.4552,21.7708,23.5374
12.1525,22.6372,25.5945,14.9066,15.4775,9.2318
52.152,11.7496,9.4123,13.9378,5.3937,7.3547
15.8774,17.2419,6.7428,10.8888,23.3031,25.946
14.9616,25.9729,25.5878,14.479,7.1719,11.8267
23.3628,20.3244,1.4385,22.7845,16.6404,15.4495
27.287,18.6989,16.1262,26.23,7.5797,4.0782
3.1613,29.4795,19.3925,1.09,21.3654,25.5114
18.6672,22.2712,17.8768,10.0217,22.1546,9.0084
35.9348,17.9542,25.4541,2.0634,3.4669,15.1267
17.1804,23.8573,23.6865,20.4949,5.0494,9.7314
22.458,32.9068,16.8681,7.8436,11.8078,8.1156
9.0191,35.0392,24.9386,25.0648,2.1121,3.8261
15.0246,32.6239,15.4723,18.3414,13.375,5.1629
10.702,25.7242,13.3594,17.384,17.2976,15.5328
14.0633,26.904,24.8026,7.384,18.3404,8.5056
30.5561,25.7048,7.5404,28.4943,6.8258,0.8787
16.3058,19.9083,16.0212,11.7268,25.2425,10.7954
29.8558,8.414,14.0199,37.4825,6.0959,4.1319
16.1095,5.2308,11.5783,35.9108,26.5487,4.6219
17.4373,23.5568,15.8715,3.9524,23.5418,15.6402
10.2456,9.2516,25.9689,17.635,6.7678,30.1311
26.4782,16.5688,18.6311,11.1966,22.5217,4.6036
4.8663,8.8933,27.2088,28.5926,8.4694,21.9696
16.4562,29.2477,18.5417,20.8,12.5286,2.4257
30.4564,3.6681,14.483,24.9271,0.2261,26.2394
6.0575,15.7398,16.8078,25.1907,15.0875,21.1169
8.3706,30.2442,27.484,16.9883,14.8883,2.0246
21.334,9.2921,16.3077,18.2289,21.0049,13.8325
25.1017,11.9177,25.1106,35.4054,0.6145,1.8501
18.8612,28.346,10.0414,34.8832,4.0249,3.8434
16.562,24.0562,22.132,11.5352,11.1063,14.6081
10.7571,26.9584,18.7722,26.3914,2.2442,14.8768
13.5072,34.9265,0.5066,24.2977,5.0379,21.724
3.1641,4.0489,11.5169,25.1696,31.2739,24.8267
12.7813,1.4774,29.5742,18.6017,29.3348,8.2306
12.3616,22.0347,17.2172,22.0937,12.46,13.8328
15.8067,17.3859,11.7403,11.0509,18.6598,25.3564
5.1122,35.9923,11.4094,9.5279,23.5806,14.3776
1.2116,20.4994,17.9813,28.5199,5.8786,25.9093
21.8765,26.8724,4.4135,23.4034,22.2872,1.147
1.08,6.1514,31.1281,24.1332,30.8014,6.7059
1.4762,41.4912,0.2138,0.0789,44.3221,12.4178
20.7019,13.2389,10.1829,29.1154,8.958,17.8029
30.794,0.5278,17.9887,16.6169,28.7663,5.3063
3.5078,14.8082,22.2096,23.0517,13.8401,22.5828
22.4524,26.7261,9.5234,22.8288,1.2715,17.1979
5.7829,28.0652,20.0127,25.5574,13.0774,7.5044
10.7934,14.0018,3.8167,36.7979,18.8668,15.7234
20.843,16.5776,16.0125,2.2302,24.7892,19.5474
10.5962,9.7743,24.1239,22.841,25.2822,7.3824
17.5947,13.8568,21.0232,12.4804,18.6435,16.4015
24.6974,21.8186,14.3583,2.3766,24.6755,12.0736
26.7593,3.3804,41.8543,2.2154,4.2682,21.5224
18.8987,15.5777,0.3417,22.3357,20.7324,22.1139
35.6674,4.822,13.2192,1.6169,29.0377,15.6369
17.2979,27.7374,20.5813,0.7339,14.0381,19.6113
7.7216,21.242,18.5204,30.223,6.0228,16.2702
16.0559,28.0566,1.5359,51.3152,2.1216,0.9148
0.8389,3.5361,34.6601,15.226,26.9872,18.7517
7.0704,4.3968,20.8789,21.0834,26.5616,20.009
30.8801,12.6414,21.908,1.2966,17.2134,16.0604
12.8053,17.1505,22.2229,24.0557,2.5044,21.2612
27.5234,14.09,24.4675,7.4161,3.239,23.2641
6.8739,9.6905,0.7823,30.0575,10.309,42.2868
2.6729,32.062,38.8203,2.2497,6.3336,17.8615
14.0742,10.9675,19.2933,25.4698,14.7703,15.4249
4.9157,24.7981,20.7111,29.3494,10.0092,10.2165
0.3084,39.8029,18.8203,11.5875,18.4269,11.0539
31.2552,0.3016,12.946,10.5318,12.9882,31.9772
22.9662,1.8308,28.3339,7.8229,28.2008,10.8454
11.7702,13.6977,16.7192,4.0905,34.4038,19.3186
20.0469,16.8955,27.1257,13.9751,11.6786,10.2782
21.8513,16.5745,25.4797,5.6976,22.8633,7.5337
0.9567,0.5102,22.1926,22.2985,20.6744,33.3676
18.4666,0.6269,19.9449,19.5439,22.511,18.9067
6.9635,13.7819,17.4891,26.1956,24.7239,10.8461
0.5628,2.911,20.0949,8.9189,34.1661,33.3462
6.801,15.8115,15.4266,23.0983,20.4087,18.4539
23.7195,22.7537,2.7156,9.0926,16.7615,24.9571
30.5498,10.4763,9.2164,24.4669,23.1869,2.1036
6.2105,21.2497,5.0061,27.0824,13.1616,27.2897
24.0698,5.1788,7.531,22.0492,19.7697,21.4016
23.0898,9.5329,21.4275,3.9299,26.5166,15.5034
19.005,8.9631,8.2538,19.3274,22.4385,22.0122
28.8508,15.4934,8.1327,27.1502,19.8518,0.5211
17.9379,20.5806,20.98,15.4746,20.1511,4.8759
26.3012,35.5084,13.0505,4.7791,13.8855,6.4753
20.8615,15.355,6.4197,26.3344,23.5964,7.433
24.1837,7.0446,18.0232,3.1939,27.1843,20.3702
10.2463,11.8037,37.7053,11.1365,25.8375,3.2707
25.9231,21.8848,12.6919,3.8158,26.3263,9.3582
15.195,27.3168,6.839,16.8266,11.2334,22.5892
2.665,14.2891,29.2963,10.1403,14.9687,28.6406
12.1405,18.1064,7.1022,32.145,10.8395,19.6665
0.012,24.0909,14.2572,9.4975,31.9565,20.186
6.1518,21.8318,20.5406,8.4764,28.2894,14.7101
15.2393,5.5492,22.8758,37.5859,1.4717,17.2782
4.6302,18.5742,39.3796,25.6303,8.7773,3.0083
29.7795,2.3004,25.3812,14.2657,17.5196,10.7536
6.0728,26.1603,12.0212,38.3046,2.351,15.0901
1.4473,33.6217,24.1379,1.9054,27.4411,11.4466
9.9479,25.0703,5.1204,14.7315,24.0034,21.1265
17.3751,18.5947,28.8194,9.316,22.7028,3.1921
0.9495,20.1694,13.7023,32.0451,26.0483,7.0855
23.899,4.4679,16.1379,22.2048,7.5797,25.7107
2.9476,2.3783,29.0439,2.4223,45.4694,17.7385
3.5892,6.4168,25.0428,27.5922,15.2007,22.1583
16.2268,10.0332,29.1672,29.3085,0.1755,15.0888
0.7078,26.2983,0.1153,30.0105,15.5492,27.3189
14.2627,19.3597,16.6394,25.8418,14.8747,9.0216
11.8335,9.5668,34.2992,2.3475,3.6249,38.3281
19.4374,16.7231,16.1264,12.9865,12.7385,21.9881
15.3878,15.6534,17.1201,29.792,4.6441,17.4027
19.1098,14.8738,10.4388,15.63,15.1148,24.8329
18.2688,21.0503,7.3935,8.226,38.4547,6.6067
24.6073,10.7918,30.1243,1.9118,0.635,31.9299
25.1885,15.2689,16.753,16.1323,24.3008,2.3566
23.6579,26.6786,19.3518,1.6526,12.8323,15.8266
17.4145,18.4707,10.9144,19.8459,3.8723,29.4821
12.5867,21.482,18.4083,4.1398,27.0993,16.2839
24.4884,4.2509,26.1608,4.0724,17.7835,23.244
8.8193,30.4375,18.0977,12.8932,11.1879,18.5645
28.6863,9.4554,11.0591,28.7251,18.1608,3.9133
29.5781,2.7562,4.3489,0.3699,35.3659,27.5809
4.6554,21.7145,3.4937,25.0611,25.0495,20.0258
7.4263,21.6063,24.5496,2.282,17.7726,26.3632
23.9581,15.0139,16.8303,14.3986,16.0791,13.7201
36.6516,9.8062,30.1511,6.97,8.1249,8.2961
13.9215,16.4071,10.8379,10.7748,23.0365,25.0222
18.8316,1.6832,22.4856,19.1349,22.6274,15.2373
4.8992,21.2807,21.4603,14.8699,21.6177,15.8722
28.0147,21.9288,2.3947,25.8007,1.1273,20.7338
9.7651,18.5874,17.7165,5.5758,21.7525,26.6026
1.216,15.8747,15.1789,34.9046,32.1429,0.6829
23.6712,20.3902,13.7623,4.6265,14.5609,22.9888
15.9726,20.0183,16.9623,12.6949,17.8901,16.4618
22.943,12.3774,5.1293,20.0667,21.52,17.9636
11.3164,2.5614,25.7656,20.8521,25.7091,13.7954
19.2194,27.2752,18.1321,24.7858,4.1893,6.3983
22.7853,8.8444,38.6973,12.6616,2.1235,14.8879
23.3679,33.14,1.2834,8.9927,2.0165,31.1995
10.9349,21.6729,21.5731,11.3305,19.4366,15.052
24.1775,15.3402,23.768,20.2344,4.5858,11.8942
19.9892,14.4131,9.281,0.873,20.6462,34.7975
10.2235,16.0944,4.151,8.6202,10.0062,50.9047
6.5232,19.3696,15.3786,18.8254,2.0945,37.8087
22.4551,8.9382,23.293,20.9088,19.9596,4.4453
7.5174,3.8388,24.1877,21.7318,25.5282,17.1961
34.0571,1.6439,2.6842,33.6201,2.6655,25.3292
22.0961,9.4998,26.4974,8.0494,17.0211,16.8361
0.7443,21.127,8.6024,1.7481,29.8281,37.9501
3.0323,29.7844,22.6642,23.8415,18.7062,1.9714
7.307,25.8538,8.7675,5.1003,6.2592,46.7121
10.1766,13.4269,19.0755,16.3821,19.7427,21.1961
15.8753,6.3358,10.0209,20.2054,16.2997,31.2629
2.0145,11.0025,27.5585,22.568,23.7136,13.1429
34.055,12.9501,20.7834,17.2564,6.5891,8.3661
19.1242,11.1657,22.389,0.8579,22.2123,24.2509
14.8423,5.9092,20.9496,27.9369,27.8678,2.4943
16.7871,3.07,18.0275,25.0845,13.3338,23.6972
6.2848,28.1108,26.5894,20.9664,16.9812,1.0673
6.4484,34.5319,15.5858,14.6855,23.6019,5.1466
7.5679,14.4391,22.921,14.1564,17.238,23.6777
7.2285,14.1909,6.899,28.0073,22.6848,20.9896
5.7609,18.78,14.73,22.0674,24.3817,14.2801
11.1445,22.0904,2.6815,26.0245,13.1389,24.9203
13.8464,13.5878,31.4411,7.8174,29.5175,3.7897
34.0835,16.3027,6.1318,25.6032,14.7607,3.1181
15.111,2.2477,9.1939,18.0037,25.9447,29.499
22.4712,21.3423,10.9559,22.2817,4.1,18.849
17.6373,4.4338,15.2389,22.5931,32.5043,7.5926
6.0773,15.2281,22.5818,40.477,7.3172,8.3187
2.9944,30.525,24.8066,11.6552,3.494,26.5248
5.8228,23.9384,1.099,12.8888,25.2966,30.9543
16.8539,24.0143,15.8149,9.4234,19.3599,14.5336
12.6867,23.0327,10.1312,19.1421,17.4305,17.5768
5.1373,23.6519,20.6174,7.6869,23.0041,19.9024
12.1898,31.4536,2.3985,8.4038,21.5295,24.0248
20.1121,12.8912,3.987,45.9501,6.9746,10.085
57.6985,11.8034,3.0646,2.3993,14.4972,10.537
17.5275,25.3405,25.0343,22.3636,7.9703,1.7639
19.7769,5.4564,21.1827,13.7119,14.8993,24.9728
34.5435,10.653,4.1978,5.8235,9.4791,35.303
6.2879,13.7062,17.0016,28.0823,2.3333,32.5888
30.0426,17.3687,2.6098,18.7539,2.2461,28.979
31.8948,32.9326,14.7844,1.0545,16.4445,2.8892
31.2309,28.4449,5.6919,21.2898,12.5289,0.8136
4.4609,10.2891,7.8005,19.1221,26.9046,31.4228
29.6165,10.3146,19.1998,10.179,15.7655,14.9246
27.7904,9.3928,0.7211,29.7122,0.3538,32.0297
31.2996,7.9811,19.3029,32.7997,8.0389,0.5778
4.6683,25.9782,20.3554,23.9755,2.6667,22.3559
13.5037,23.8753,14.8665,24.0781,3.5468,20.1295
15.4337,11.5418,23.5058,23.9154,20.9435,4.6599
0.7085,19.114,6.4561,31.0323,40.8403,1.8488
28.337,10.6866,17.342,21.0135,5.289,17.3319
14.1067,19.8158,3.4869,18.07,21.6504,22.8702
9.2648,8.5573,28.8467,21.2858,9.3372,22.7082
27.1787,5.8854,26.3572,24.5541,6.8515,9.1732
31.3978,9.4991,18.0396,20.9159,12.561,7.5868
30.6644,3.8501,5.4425,29.8114,13.2331,16.9985
4.2224,8.3518,36.908,23.1781,19.0577,8.282
26.7799,17.7772,11.211,0.1933,19.7162,24.3225
10.3667,22.1364,5.0767,15.985,19.6552,26.78
3.6403,17.4658,27.8231,13.0854,12.3711,25.6143
20.7598,19.2526,13.2404,23.1631,21.8074,1.7767
29.9027,14.4651,18.2186,19.9498,4.9936,12.4702
7.0389,3.6148,8.6862,48.4887,28.7584,3.4129
13.5519,13.5967,33.3635,25.5658,3.2625,10.6596
5.3871,20.2275,12.8351,27.5984,3.8894,30.0625
24.4857,8.9974,42.3805,0.5741,23.025,0.5373
16.3743,18.1115,19.4669,11.6757,14.4357,19.9359
3.9481,25.3282,6.5223,23.0486,38.0151,3.1377
7.7311,25.3966,5.1928,22.9095,17.2953,21.4747
12.8026,11.3577,11.3834,19.7057,11.9695,32.781
23.9658,26.7117,14.6259,5.9364,17.84,10.9202
1.0833,10.3057,0.0377,46.1657,20.9384,21.4692
19.4081,17.1209,16.3894,12.0965,17.7074,17.2777
29.2335,2.0955,23.525,24.4771,4.8292,15.8398
29.1424,22.7027,10.1456,14.7988,17.7235,5.487
10.7933,16.7887,21.3914,24.6136,21.9064,4.5066
26.8636,4.356,8.6363,16.0789,23.6981,20.367
22.1478,9.2112,25.4053,8.4269,21.2246,13.5841
27.5408,8.9026,28.9848,5.9933,5.3102,23.2683
8.0761,12.7606,15.2558,20.781,23.1906,19.9359
0.8045,8.2066,18.4797,43.3832,3.398,25.728
13.6797,23.579,10.2361,44.9248,5.9926,1.5878
11.2072,7.4258,15.6986,11.442,38.8956,15.3308
8.5037,35.2201,1.9257,24.0067,16.0038,14.3401
17.2845,7.9189,18.7522,15.2817,14.3285,26.4342
18.3373,25.8203,11.0164,8.818,17.8693,18.1388
21.0202,16.0051,16.1582,8.3537,22.0642,16.3986
12.343,20.6172,20.4335,19.4185,20.2912,6.8967
1.9728,30.683,7.9606,23.3923,19.4362,16.5551
6.3062,2.5335,43.3129,5.8071,38.5529,3.4874
9.4865,17.3449,36.6803,11.9475,22.7255,1.8154
1.5771,26.4167,23.0503,18.1413,21.8268,8.9877
4.8387,24.4032,22.2246,11.2509,24.4793,12.8033
0.275,18.1254,3.3985,16.5427,37.6318,24.0267
21.9643,31.6347,10.6629,8.5798,8.2039,18.9544
10.3173,12.44,16.5069,8.1548,26.4139,26.1671
33.2188,46.3013,15.2406,1.941,1.1848,2.1136
7.1966,16.0577,30.4616,19.6014,24.745,1.9377
14.8501,5.8747,20.1116,19.2816,18.7159,21.1662
7.5082,39.5546,2.6646,16.0018,14.0533,20.2175
12.4581,21.0199,18.2121,20.7488,15.2248,12.3363
33.2559,28.7532,5.0327,5.4996,20.7661,6.6924
21.6346,3.2781,24.3742,18.6373,7.8394,24.2364
17.9982,18.8249,7.6454,14.6049,23.7942,17.1324
10.6872,3.8025,26.2293,29.4485,18.5678,11.2647
11.8381,9.0478,24.3493,30.7303,21.4991,2.5354
7.9444,23.3116,26.0198,23.2351,14.3424,5.1466
25.2409,6.1344,18.048,14.9494,16.6532,18.9741
24.9589,21.3941,16.1851,0.0737,21.7861,15.602
11.1174,3.3095,27.5096,20.1235,28.3263,9.6137
1.8506,38.6829,23.7263,26.9256,3.6147,5.1998
17.086,12.6824,15.6881,15.9024,22.5279,16.1131
0.1461,29.5352,17.3428,27.1214,16.1605,9.694
30.3032,17.0195,1.7661,27.1011,16.6008,7.2093
28.3813,8.4116,21.8539,25.1888,4.7055,11.4589
7.4695,43.809,9.0643,8.7467,21.1641,9.7463
9.8649,21.5035,23.6943,6.467,12.5418,25.9285
4.5631,3.8733,38.9698,23.9623,23.1683,5.4632
14.8833,5.0896,27.1695,7.4303,24.8422,20.5851
8.6929,22.7968,24.4351,7.6306,21.3061,15.1385
11.1422,14.9291,22.933,21.8774,14.6439,14.4744
25.419,1.9165,13.2124,22.922,5.1855,31.3447
16.7833,15.3168,14.2228,15.4055,19.9746,18.297
19.4286,11.1798,21.8003,10.0679,14.2397,23.2837
21.8243,20.376,16.702,21.1954,10.4554,9.4469
29.523,9.2346,6.8266,15.6315,4.7523,34.032
9.3893,14.623,3.78,17.248,41.7026,13.2571
6.0609,5.7538,40.3314,19.222,2.7711,25.8608
20.8017,35.324,19.0133,9.0746,6.3603,9.4261
22.0074,17.0888,29.2331,2.3609,13.8943,15.4155
21.2411,11.1758,20.8111,18.3633,19.4813,8.9274
7.5781,19.7105,26.1825,9.3102,33.4059,3.8128
24.3585,25.5724,21.6905,13.2424,3.2184,11.9179
17.337,31.4759,30.9408,1.8101,18.2436,0.1927
28.7154,1.4747,14.4786,24.6491,4.5447,26.1375
12.1299,15.4165,25.3175,6.2791,25.9598,14.8973
30.2525,18.4325,17.5537,2.3444,29.0785,2.3383
9.6284,32.3365,26.2216,12.7323,9.5183,9.5628
11.8602,22.1444,1.7896,11.8225,32.1956,20.1879
2.8505,30.3726,12.3709,27.7619,19.1698,7.4744
31.6451,16.7309,18.8679,6.8539,21.0478,4.8543
11.6293,14.2764,12.9036,32.6792,20.3871,8.1244
31.6495,9.5715,2.0377,16.1353,36.5953,4.0107
3.1885,4.8992,24.9824,26.0582,25.3702,15.5015
12.0949,20.1137,16.727,10.9083,16.9458,23.2103
20.6262,15.3047,10.3131,24.3347,1.85,27.5712
10.6155,15.5343,21.3071,17.2721,14.069,21.2019
20.2346,27.4247,3.2109,15.2378,29.3761,4.5158
21.7949,17.2535,28.2056,29.5568,2.8402,0.3491
19.575,21.4868,11.6165,5.203,15.4211,26.6976
16.3338,30.7563,2.7698,30.5464,7.9045,11.6892
12.5067,0.2243,26.4659,28.3363,17.4122,15.0547
29.321,11.0566,7.8735,13.872,13.4378,24.4392
5.4444,18.2534,7.3947,30.7863,18.7405,19.3808
14.2451,14.5741,6.3279,20.5673,3.9628,40.3229
16.2964,31.6557,8.8939,14.6199,13.665,14.869
5.0733,8.1562,25.4613,22.9119,19.0758,19.3215
17.3876,21.7109,22.2958,18.2948,0.1406,20.1703
24.8182,39.7303,8.4218,13.4169,9.5644,4.0484
28.7315,11.2627,4.9588,14.3833,12.4961,28.1676
8.4483,19.3285,11.6859,21.709,25.0677,13.7606
20.792,15.8317,5.0649,26.5864,3.1425,28.5825
14.0188,10.7224,25.791,23.3255,24.3502,1.7922
24.9176,21.4803,11.993,7.9459,15.3561,18.3071
10.6627,7.5388,24.0388,11.7805,25.3344,20.6448
16.8793,17.2758,14.3571,15.1184,19.6956,16.6737
8.1561,14.2346,22.7278,12.9057,14.7119,27.264
17.4035,20.6371,13.7888,16.969,20.0473,11.1544
20.4758,6.2877,6.9628,25.1106,34.5378,6.6252
41.6291,0.0468,0.2792,29.4762,14.0492,14.5195
13.2199,15.3694,28.0268,2.5884,16.3349,24.4606
14.4736,4.4346,21.3062,3.0416,25.1937,31.5503
18.8515,23.0852,5.4614,25.6613,25.2534,1.6872
22.2587,0.5429,9.4485,13.9144,33.0577,20.7777
2.6061,17.3922,39.1184,27.7063,3.5309,9.6461
24.7333,1.7196,20.0197,24.052,11.3106,18.1647
15.3451,46.5736,0.0067,3.6552,1.4908,32.9287
8.7374,14.6237,23.5859,15.433,14.0762,23.5438
28.4334,12.4373,16.7421,21.8158,5.2205,15.351
32.4941,16.205,11.2062,13.9263,8.1684,17.9999
4.7598,16.5181,12.8357,25.9363,22.5961,17.354
10.2645,23.2916,27.3434,17.8678,2.419,18.8136
23.423,6.4637,23.7675,3.5333,19.584,23.2286
10.6999,21.354,2.8275,22.6476,22.6506,19.8204
20.8033,37.5851,12.5203,17.7062,7.6852,3.6998
13.3537,5.9536,28.2803,25.2461,19.3048,7.8615
18.0257,22.7685,8.0029,10.816,28.2832,12.1038
14.2289,2.3918,13.0159,31.3626,37.4078,1.5931
31.2261,12.9135,16.208,20.428,16.2441,2.9803
11.2008,33.6973,9.6728,14.5046,20.1236,10.8009
25.1486,15.4173,7.2099,19.0436,1.6888,31.4918
24.8919,24.6366,18.1652,12.8314,15.5651,3.9098
9.5632,19.1544,18.6266,20.3349,19.2002,13.1208
4.1883,22.4533,18.885,22.0843,3.4306,28.9585
15.712,4.8778,7.4827,24.8527,22.7871,24.2876
14.6547,39.9864,4.7717,19.4566,16.7469,4.3837
25.7499,17.384,22.4279,19.5088,7.3482,7.5811
6.9614,19.3856,18.0703,23.8233,20.5587,11.2007
18.7371,2.9699,39.8298,11.3326,12.4908,14.6399
15.3931,4.6217,6.8256,37.1358,28.0671,7.9567
15.709,20.9438,9.9584,23.3207,14.7852,15.283
12.613,16.7255,2.6072,22.0985,28.0294,17.9263
0.8613,18.396,8.3736,43.7971,17.1526,11.4193
5.8549,22.2936,18.6133,19.1574,7.109,26.9717
29.7468,9.4253,1.2876,14.1704,7.6911,37.6789
8.3273,10.2547,1.2252,28.6789,26.1218,25.3921
18.6466,18.4391,15.4645,17.3477,16.1504,13.9517
14.979,11.6604,19.4888,21.7075,9.6211,22.5433
18.6498,24.2546,19.2766,2.485,20.9129,14.4212
4.1257,23.4288,7.4108,12.5134,44.8732,7.6481
23.4293,23.0378,2.3142,17.4568,9.8733,23.8885
42.2223,3.7499,14.5751,14.4132,1.6397,23.3998
17.8447,5.4999,16.3188,39.3856,12.822,8.129
13.1107,18.4332,9.5956,31.2512,16.2489,11.3604
15.3006,20.4077,4.3178,15.6356,20.0745,24.2639
3.5035,25.2768,0.3586,17.7288,22.0344,31.098
0.268,18.2729,32.8754,2.4654,7.8435,38.2748
15.3708,15.1644,11.7133,15.6118,20.8964,21.2433
10.3605,17.8925,15.7145,27.1241,26.9534,1.955
9.7151,23.324,32.6778,0.6976,25.2731,8.3124
34.6777,22.2865,1.2439,3.0068,23.2761,15.5091
51.0441,10.7615,2.2339,28.8228,3.9393,3.1984
19.3721,17.4859,7.4773,20.128,25.2991,10.2376
16.2701,17.7072,23.9261,10.6409,13.7637,17.6921
11.0753,28.8267,34.0479,7.4195,7.5145,11.1162
25.5221,25.7797,0.5904,8.1031,24.4733,15.5314
21.9566,26.5202,14.7846,12.4087,13.1633,11.1666
15.5558,12.0632,20.1918,13.0061,22.8234,16.3598
10.8105,12.3222,22.0756,18.2078,12.7198,23.8639
19.1209,12.3732,21.3981,10.4129,8.6324,28.0625
15.1456,10.9805,12.7951,13.9643,18.8976,28.2169
29.8792,15.2436,22.3072,23.9614,3.1423,5.4662
20.7678,4.9137,4.1954,0.3614,50.6845,19.0772
21.0569,8.2385,15.9891,24.3044,0.7327,29.6784
23.6479,18.0907,33.8467,6.3059,2.3453,15.7635
13.7568,7.6395,27.3753,24.7105,13.9304,12.5875
12.8248,18.8195,18.8695,16.8338,17.7271,14.9252
22.0247,11.2527,14.3039,3.934,22.4485,26.0361
6.1852,22.1638,26.5228,12.5945,15.2999,17.2338
15.8699,3.5542,22.8222,25.2036,16.8354,15.7147
9.2101,14.3528,12.9685,2.7588,36.8226,23.8871
3.0751,12.6555,8.0636,46.3649,19.5596,10.2813
1.0485,23.8171,16.2781,11.6122,31.7308,15.5133
20.7308,12.3657,11.843,22.1667,17.4352,15.4586
5.9995,18.9486,2.0789,25.4936,19.0001,28.4793
20.9268,2.6735,12.4479,16.4088,24.5878,22.9552
24.444,17.6804,3.1202,14.45,14.7619,25.5435
30.2585,8.1615,27.0593,5.8815,21.503,7.1361
6.6899,11.8395,18.2709,23.5988,14.4507,25.1502
22.0226,25.3297,13.9774,0.9864,26.2791,11.4047
13.4885,23.4413,12.4622,19.9122,9.4717,21.2241
12.0806,12.1043,21.8002,8.1014,23.2461,22.6674
19.1681,19.5626,8.5584,19.0211,12.85,20.8399
16.0431,15.9856,24.7653,10.0124,17.4858,15.7079
13.3049,24.4994,13.695,1.9452,29.2119,17.3436
12.1525,18.212,24.4244,25.3391,11.2175,8.6545
33.2989,19.0584,1.2146,14.6851,22.7088,9.0343
22.0684,6.2249,11.356,21.4803,13.0437,25.8267
6.0687,9.4378,12.4009,16.5738,22.6606,32.8583
29.9381,12.1441,6.4387,22.4846,2.5777,26.4168
21.0218,4.6029,30.315,9.1101,18.6868,16.2635
18.2136,29.9745,15.9789,6.0809,17.269,12.483
44.663,18.1105,10.5595,12.3683,4.4256,9.8731
20.2565,17.2161,10.6852,14.5569,22.0629,15.2224
5.2918,20.4206,21.4253,21.606,16.1439,15.1123
2.229,14.2848,10.3485,19.7242,25.4985,27.915
7.0765,10.6167,35.3933,22.2171,7.9115,16.785
8.1297,28.9016,9.018,1.965,21.3732,30.6124
29.1414,3.2508,0.6038,16.8979,15.9773,34.1288
11.3145,6.0921,8.9512,32.6004,7.7037,33.3382
7.5373,10.9746,8.0527,15.7708,13.6603,44.0043
2.3917,24.5981,20.212,17.3591,17.335,18.1041
9.7914,15.8931,20.4155,10.2588,23.9806,19.6606
23.838,4.9238,21.3194,16.3572,12.49,21.0717
21.3486,17.3425,17.267,15.8704,21.4767,6.6948
7.5577,20.7726,21.7896,26.665,9.7229,13.4923
30.5581,8.8296,1.9308,27.7662,1.636,29.2793
5.6326,5.0926,10.9208,32.535,22.1225,23.6965
30.7463,6.502,9.288,20.5587,23.9159,8.9892
22.4292,32.6319,17.9915,7.7935,7.4192,11.7347
18.4202,19.2698,24.7207,19.3735,8.9979,9.2181
30.2606,3.3394,1.1004,48.1917,1.7496,15.3582
21.4989,1.4079,18.6534,9.8878,23.7988,24.7532
18.5359,14.316,21.2109,21.9948,21.3311,2.6113
13.7882,27.6269,19.5927,25.7277,8.7133,4.5511
33.4792,4.9724,4.972,32.5662,5.3784,18.6318
21.6342,15.621,19.9279,16.0116,16.4189,10.3863
38.2167,4.2736,13.3347,5.4375,4.3956,34.3419
14.2528,17.4546,6.7322,30.8811,24.3689,6.3104
7.4559,15.9395,32.1029,10.6761,19.3604,14.4652
20.6414,7.7276,6.0014,10.4728,27.4289,27.728
7.2004,27.2842,12.4528,6.9748,25.2513,20.8365
22.9153,16.9463,29.2988,7.8882,14.7589,8.1924
20.5855,12.7726,16.1834,5.3262,26.229,18.9033
2.7688,23.4717,23.5509,13.7043,26.4435,10.0609
13.3173,13.4975,23.2473,22.2836,9.5435,18.1109
5.5054,29.909,20.4214,3.2771,23.1756,17.7116
19.2023,24.9687,5.8452,14.7119,12.4861,22.7858
15.6888,23.537,1.4154,24.6278,14.8161,19.9149
9.3068,4.7133,21.0816,24.4513,17.5482,22.8986
9.336,3.355,24.7023,7.5651,27.7397,27.302
22.6204,2.463,17.2857,12.7295,17.8514,27.0499
3.2386,4.546,27.2182,16.7885,32.8222,15.3866
22.3333,6.9523,5.0262,21.5662,30.6833,13.4386
1.0162,3.351,26.9709,23.7543,24.8659,20.0417
14.7359,18.0688,25.5358,7.9152,19.1341,14.6102
7.1816,19.6708,12.2508,26.9888,2.6779,31.2302
12.8989,14.53,18.6903,22.9288,16.5832,14.3688
0.2396,15.1104,30.6541,5.1004,27.0914,21.804
9.9818,16.0053,1.4832,43.4336,28.0644,1.0317
13.7842,14.5927,16.9475,0.6322,25.3852,28.6582
10.6766,7.9814,29.0322,30.2099,4.3071,17.7928
8.0976,17.3418,7.7467,32.1689,28.8882,5.7568
3.1388,25.7523,9.5659,3.3135,35.972,22.2575
4.8767,24.7902,3.1439,20.9489,22.436,23.8044
10.4684,5.4376,24.8766,11.4381,23.4822,24.2971
9.6125,14.4624,22.9947,24.4257,9.783,18.7217
15.1111,24.1724,20.1647,13.3932,9.4681,17.6904
18.3726,3.9211,13.0865,26.7233,15.0124,22.8841
20.1941,21.8433,14.4982,14.2988,3.7318,25.4337
6.0791,28.0345,29.0902,1.4162,16.1037,19.2763
14.4217,27.1412,17.7954,22.3634,1.2181,17.0603
20.7086,17.1832,21.1937,4.1049,17.1396,19.67
20.0422,14.7277,23.648,11.9535,11.4585,18.1701
2.633,10.3532,19.0586,27.0217,22.887,18.0465
20.955,20.56,7.0105,18.7945,6.8932,25.7867
17.9107,20.1494,16.4853,10.3487,14.4219,20.6839
14.3929,16.5888,7.799,8.2322,21.1267,31.8604
4.1994,20.8535,23.2394,23.2139,9.555,18.9389
11.0827,19.3437,17.4153,15.364,18.822,17.9722
13.3453,19.4292,8.9625,24.2385,18.3757,15.6488
7.2537,27.304,25.8653,9.0272,1.4178,29.1321
24.1919,23.094,8.4459,3.9071,13.8008,26.5603
15.685,11.7529,38.9289,9.47,18.1117,6.0515
4.5559,28.8357,21.3158,21.0818,22.8111,1.3997
7.7483,11.194,26.9202,1.7349,28.8997,23.5029
21.8144,19.9492,15.5079,5.5075,18.6415,18.5794
13.8658,1.187,24.8985,4.375,24.9288,30.7448
18.0452,23.2863,23.3853,9.8755,25.031,0.3767
20.056,25.5036,13.4527,20.2973,11.458,9.2324
34.592,8.5284,17.2654,4.4836,33.7315,1.3992
18.9561,11.7622,25.2741,7.9862,18.7227,17.2986
6.2977,3.7416,22.8372,0.6911,33.1343,33.2981
29.0486,15.0601,1.0747,33.1868,16.4963,5.1335
34.1301,1.875,16.6336,18.9692,26.8103,1.5819
39.0054,0.1599,31.9815,7.9277,13.8398,7.0857
4.0758,30.6484,19.7498,2.1406,23.2227,20.1628
3.7621,23.4645,24.9855,11.0664,19.2047,17.5169
7.0344,9.5734,13.6403,26.1584,20.2084,23.385
7.4497,2.3542,43.723,2.2339,10.7975,33.4417
16.8861,4.1077,20.2302,24.8924,26.2469,7.6366
21.6743,5.9045,22.9539,7.1203,22.2694,20.0776
13.2756,5.4743,22.3145,23.0601,19.5868,16.2887
17.6662,10.8123,35.1466,25.1234,8.3469,2.9046
25.1901,22.5731,7.9483,11.7632,1.0046,31.5209
1.561,31.1766,11.3534,8.2617,42.6708,4.9765
25.5139,15.3347,8.0875,13.2056,1.9453,35.913
27.7859,5.892,15.6108,24.2684,21.8626,4.5802
17.7734,15.6813,18.236,18.049,11.109,19.1512
13.7187,2.0632,23.2615,22.8505,25.5352,12.5709
16.1905,30.8904,25.3242,6.7917,15.5818,5.2215
27.0201,5.2682,26.558,12.7666,24.7151,3.6721
1.6639,26.7348,20.8032,3.1443,23.2199,24.4339
17.1551,18.9594,16.8629,14.2188,17.1034,15.7005
17.4665,5.9058,25.4738,34.5577,14.3835,2.2128
14.1886,0.901,51.3824,1.4424,3.2177,28.868
27.7678,7.3254,16.0876,6.8686,29.1123,12.8383
6.6574,17.6713,25.1644,27.3248,5.1024,18.0797
3.7893,34.6348,27.9202,19.8434,9.6617,4.1506
20.0764,0.5401,28.7187,18.6175,19.6918,12.3554
15.3671,20.3387,21.098,23.7506,10.2497,9.1959
19.1534,26.504,15.2477,2.3718,33.0128,3.7103
12.3801,18.4162,12.614,10.0643,18.5671,27.9583
27.1914,2.7747,15.7303,26.0184,14.5918,13.6935
15.3036,2.2711,20.0506,28.9703,10.9742,22.4303
25.2242,17.9195,18.0382,10.5834,26.577,1.6576
24.1229,26.1896,1.5269,13.4638,3.4341,31.2627
14.6884,20.3759,17.1131,18.071,18.2741,11.4776
20.5347,21.487,17.9651,21.114,13.1691,5.73
12.9945,6.4864,2.7181,32.4791,23.0224,22.2995
16.5215,18.1256,15.8281,17.2143,29.2666,3.0439
34.1056,2.2546,5.2943,22.3356,21.6014,14.4084
24.5827,22.0564,3.4718,19.1056,7.0133,23.7702
4.6995,14.9537,8.2393,34.2194,8.5561,29.332
24.3032,28.1983,25.3825,7.8733,13.4225,0.8202
9.2898,6.6056,21.4395,6.3215,24.1566,32.1871
14.5418,20.1959,20.3845,12.7917,12.9982,19.088
9.2114,30.0346,11.6878,0.0315,31.5146,17.5201
34.8319,22.1854,13.4193,4.6589,24.7822,0.1222
9.0849,3.6695,28.3199,30.1195,6.8232,21.983
14.4149,29.2205,11.0584,16.5087,10.2962,18.5014
2.0357,22.671,10.2598,9.5348,31.5475,23.9512
24.3483,3.97,23.0928,13.8345,22.2071,12.5473
3.0609,29.6559,10.7961,19.0616,9.6601,27.7653
19.8607,15.0157,8.7549,19.7523,16.7564,19.86
0.7239,37.7227,13.4523,25.0345,17.4576,5.609
4.8439,7.45,8.77,24.8372,38.5952,15.5037
15.7392,28.3687,18.9901,20.7435,15.3343,0.8242
19.7681,10.6765,20.8004,17.8896,8.2743,22.591
2.4005,7.4956,6.4287,30.177,41.3201,12.1781
26.7949,3.602,9.9936,10.5554,27.4776,21.5765
16.518,24.1133,0.9572,31.9725,15.804,10.635
17.8451,9.4899,28.8134,6.7852,16.2623,20.8041
30.9755,15.3259,0.9022,24.1328,8.3577,20.306
3.1468,0.5217,11.0884,29.5053,25.0072,30.7306
21.9561,14.5443,16.8072,20.0055,14.0496,12.6373
4.855,29.411,30.4416,16.0819,15.1253,4.0853
14.2836,20.6148,0.7633,15.6918,17.2181,31.4285
29.8149,23.8493,23.4884,5.794,1.4189,15.6346
15.9274,11.8231,23.4623,19.1373,19.3642,10.2857
13.0184,14.494,27.2052,1.2307,30.0462,14.0056
18.7501,9.7563,24.6228,24.7846,4.2646,17.8215
8.9998,22.5112,1.9705,21.6169,5.875,39.0266
24.6329,3.3442,26.8854,23.983,5.4241,15.7304
34.8087,34.6061,3.0369,14.4628,12.7169,0.3687
7.5551,7.248,29.7498,24.6792,4.5744,26.1934
26.0474,1.6788,26.4837,20.2463,20.3382,5.2056
9.2181,18.6326,8.6178,23.17,35.2266,5.1349
15.3834,29.3094,5.7815,5.7218,22.5699,21.2341
38.9258,5.4014,5.883,1.0538,22.8736,25.8625
12.7695,17.8849,4.7724,20.6023,31.3868,12.5839
25.8221,32.276,25.188,3.8301,8.587,4.2968
3.5032,22.5664,34.5099,1.7733,20.9039,16.7434
23.8933,22.7915,6.1482,15.2865,18.5651,13.3154
22.2834,3.499,17.5976,25.6104,16.687,14.3225
18.3982,20.9794,9.8639,16.4423,13.3551,20.961
10.676,32.2851,8.211,14.2208,29.5134,5.0937
32.4459,0.7421,7.7197,29.2209,16.4569,13.4145
3.8059,3.9112,11.046,31.0538,23.009,27.1741
7.406,10.4948,20.1126,16.2995,22.8464,22.8407
25.9071,16.5767,8.9098,16.1217,24.571,7.9137
18.3927,5.6723,17.0677,17.1707,20.3531,21.3436
30.9569,15.1007,29.0786,9.5641,7.981,7.3187
18.8136,27.2611,1.8647,13.2321,20.1227,18.7059
11.6381,14.258,19.9938,3.4684,26.5318,24.1099
5.8846,22.0321,21.2438,39.5113,4.1831,7.1451
8.0353,5.1882,19.037,28.9596,4.5912,34.1888
14.577,18.7125,43.1103,3.8353,15.7362,4.0287
13.2564,35.7469,17.292,0.6504,5.4135,27.6408
29.7911,4.5959,16.8868,30.0175,16.243,2.4658
0.5992,6.625,23.6014,9.9354,38.8434,20.3956
12.196,17.8611,18.126,1.0955,22.2884,28.433
13.8117,28.7187,18.153,32.6531,4.5398,2.1237
21.7725,20.1647,3.4814,4.9727,20.1963,29.4123
12.1972,12.7394,10.8178,23.0567,20.4133,20.7755
16.5889,11.3586,27.0746,20.7853,16.7732,7.4194
8.7895,13.5675,11.6131,17.0435,23.3064,25.68
2.5173,10.0252,24.1369,17.8712,24.0743,21.3752
0.0488,5.9813,28.5388,28.5782,0.3537,36.4992
22.0963,17.1016,6.8302,26.6594,7.1229,20.1897
26.6476,9.3647,17.1324,17.5558,17.7524,11.5471
26.2643,4.9637,13.115,5.6759,26.5075,23.4736
18.1461,16.4143,23.164,17.0064,2.1578,23.1113
4.6734,24.3457,6.1659,30.1436,23.2475,11.4239
26.119,21.1209,0.9873,23.6475,14.0145,14.1108
0.6749,3.3858,38.1543,42.96,0.5458,14.2792
19.4335,27.8944,12.1233,31.7144,2.0096,6.8248
25.0767,13.6747,3.4521,24.9772,20.4314,12.3879
19.8811,18.5418,16.7398,5.3059,23.482,16.0493
20.4726,25.053,9.7688,12.2776,20.7255,11.7025
21.098,16.6461,10.4991,12.3559,22.0565,17.3443
11.3038,32.1121,20.4318,2.2551,11.0307,22.8665
10.6086,16.4099,25.9646,23.0034,5.6673,18.3461
1.1862,46.9312,28.0108,0.3064,12.5539,11.0115
20.2238,7.2832,22.5693,5.5716,24.4105,19.9415
3.3471,15.988,23.7944,27.9676,27.0449,1.858
20.9628,13.7266,18.8118,20.6346,6.0635,19.8007
18.3009,5.0383,12.2914,23.8733,17.5628,22.9333
15.667,9.9886,16.9587,12.3256,22.8142,22.2459
15.6455,30.4383,14.9638,2.3984,7.4445,29.1095
15.0352,15.3457,21.3789,16.9008,27.593,3.7464
26.7561,23.5516,2.6416,21.1992,23.333,2.5184
18.3581,2.9363,10.216,22.4054,29.5891,16.4951
8.4045,8.6257,54.3952,1.8671,17.0633,9.6443
24.909,22.1153,19.9064,20.0982,3.6128,9.3583
9.6863,21.5564,25.7507,29.4053,4.3502,9.2511
17.9948,5.1071,35.8322,12.423,14.0777,14.5651
34.1319,20.2845,14.6698,14.5214,7.8738,8.5186
21.7287,24.7816,5.1039,24.1624,22.4495,1.7739
19.2661,9.2274,17.611,17.3631,21.9497,14.5827
8.3153,37.733,0.5489,15.9512,36.2026,1.249
30.8139,12.475,17.5116,18.9001,14.6336,5.6658
5.6494,25.6042,20.6595,15.3288,15.8793,16.8789
12.7197,9.7624,18.3433,13.4627,24.5934,21.1186
9.7327,8.269,36.5116,14.6073,25.4039,5.4756
33.0673,16.3724,24.8265,15.0334,4.3662,6.3342
8.2059,41.3649,0.3977,12.9796,11.1081,25.9439
13.4593,28.6406,0.0231,8.596,24.8719,24.4091
22.9462,0.5398,25.7459,8.1152,15.1464,27.5065
5.2135,18.7694,4.3927,21.2542,27.2762,23.094
32.9792,3.1769,4.7683,33.0111,6.0717,19.9929
19.3608,17.8233,0.0858,19.3163,23.7325,19.6812
6.2275,20.6146,20.4058,20.0686,15.5613,17.1222
17.363,20.3322,12.1387,8.3932,15.9263,25.8466
14.8002,24.1594,12.4978,9.0029,21.0705,18.4692
22.4525,22.8056,5.2947,17.1249,22.3348,9.9876
13.7177,14.4335,17.7799,26.8464,15.5671,11.6554
27.5328,13.5879,21.1508,7.3449,19.6702,10.7135
12.1134,20.345,19.069,22.4294,0.1553,25.888
26.4549,6.2141,22.1406,9.6064,10.0751,25.5089
19.3733,23.4529,5.0087,26.6966,1.6147,23.8537
11.8571,19.3204,12.9082,11.8458,26.3021,17.7664
19.9642,16.8983,18.5439,7.2326,20.846,16.5149
12.6294,4.4438,34.7738,21.6039,9.4397,17.1094
8.3703,32.9478,9.4105,9.7238,26.545,13.0026
26.656,10.5367,14.1995,13.3736,14.8039,20.4302
7.7107,27.9074,27.4083,27.3657,7.1656,2.4424
24.1974,35.9221,10.3639,8.2936,20.468,0.7549
12.6275,23.5823,21.303,20.0091,6.3201,16.1581
9.1067,22.8377,18.2439,26.1215,4.8446,18.8455
3.1356,21.9082,10.1163,24.3146,26.0741,14.4513
21.1104,8.393,19.0268,11.8438,31.6211,8.005
19.9618,11.5921,33.6805,21.7632,1.1501,11.8523
8.3295,22.0464,9.4792,11.4882,32.3932,16.2635
13.2051,12.032,3.8881,13.3783,33.3555,24.1409
26.458,15.3024,26.0638,10.8488,17.7297,3.5973
8.1322,23.9303,12.8746,17.5337,16.4189,21.1104
15.5104,22.707,11.1351,6.5258,12.4366,31.6851
30.9037,19.7878,28.9603,7.9667,7.9764,4.4051
8.0022,21.0005,9.6497,23.1695,16.0297,22.1484
23.7096,8.7844,24.8111,7.1375,18.9385,16.6188
23.0202,23.174,22.1685,2.3458,1.7761,27.5154
16.9706,2.3777,28.6755,10.2114,21.5997,20.1652
0.6408,0.7784,24.2984,35.5536,34.1981,4.5306
5.016,32.4573,35.8105,9.9905,1.8584,14.8673
14.5509,10.06,24.9676,18.8997,19.6069,11.9149
1.1221,24.1977,14.0388,25.9907,8.2949,26.3558
1.4842,8.8882,15.9482,28.4997,18.6108,26.5689
19.5909,9.1193,10.1104,22.4397,15.9459,22.7937
7.8002,22.2309,19.9875,19.1544,24.3016,6.5255
28.5759,12.6102,32.6116,6.1936,0.5012,19.5075
22.2298,12.3096,10.7759,16.739,16.6233,21.3223
15.1795,24.9472,0.6327,19.8081,5.4094,34.023
26.8176,4.2911,9.9419,41.5664,9.7693,7.6136
21.2918,25.1044,9.4465,20.6238,12.1686,11.365
15.1624,3.2725,11.28,24.4428,24.2835,21.5587
19.1693,1.9824,32.9516,3.243,34.6903,7.9634
24.3753,17.891,16.7358,4.6803,35.4595,0.8581
7.588,33.5735,10.2668,23.9833,13.0638,11.5247
21.59,0.22,40.9552,29.8774,5.3557,2.0018
0.5245,13.3583,30.0775,23.9587,16.1376,15.9434
19.1488,25.0278,12.9228,12.2691,14.7471,15.8845
2.3082,29.9299,19.5979,15.0289,23.8226,9.3124
14.6751,8.8008,7.5651,24.1088,21.0116,23.8386
25.7305,16.9144,17.5025,28.6165,6.6291,4.607
25.1175,17.7891,6.5618,9.8751,16.3277,24.3289
25.1171,12.8429,10.4453,6.7959,32.8942,11.9048
20.2687,8.3131,21.9884,22.6427,19.3136,7.4735
41.929,20.0834,3.7429,9.7863,10.5425,13.916
17.5413,27.2147,18.7493,17.71,14.8928,3.8919
2.8774,4.2356,5.4612,36.0195,8.6437,42.7627
24.3552,14.5684,11.5328,16.8527,11.3613,21.3296
3.6025,5.7957,56.8978,30.7251,0.0964,2.8825
14.0824,11.0062,24.1195,22.2278,24.4331,4.131
16.8532,8.9976,20.9364,15.292,20.4168,17.504
18.1556,13.9209,14.6729,20.7184,20.8872,11.645
11.5846,22.335,4.8523,16.023,14.1304,31.0746
2.7188,18.1432,25.6822,12.1948,19.5134,21.7476
18.4627,17.1863,25.0886,0.0664,17.7982,21.3978
21.83,0.6816,13.4821,18.8166,22.8105,22.3791
9.0878,24.0179,20.7264,15.0158,4.6446,26.5074
13.8449,19.7253,4.6595,17.5605,20.8602,23.3496
16.8957,29.6786,10.1837,5.3649,28.2813,9.5958
21.7249,18.5334,6.8497,16.1322,16.9515,19.8084
22.0682,20.8713,19.5352,6.5492,16.4707,14.5054
26.8425,6.3581,28.5016,5.4435,24.5318,8.3225
32.2123,21.2867,2.3991,7.3359,11.2527,25.5133
4.9983,36.2396,18.5067,27.9019,11.0696,1.2839
16.8947,14.2809,17.7619,15.8637,24.8042,10.3946
21.242,10.5943,21.1049,25.1534,10.021,11.8843
6.558,28.449,18.0209,10.3152,7.6146,29.0422
17.3982,7.2026,12.2979,36.4585,24.8371,1.8057
18.8348,20.8506,23.7999,10.6732,10.77,15.0714
0.351,17.5978,20.686,16.337,24.5231,20.5051
10.5249,23.861,23.6256,18.8175,21.4157,1.7552
9.6627,15.1236,16.5013,27.1801,10.7448,20.7875
6.2747,6.4428,33.4685,31.7357,5.8113,16.267
26.9563,12.2267,9.0271,11.9416,25.7158,14.1325
7.4483,15.4093,23.9221,36.146,0.8972,16.1772
30.8607,25.113,18.4704,0.0466,10.107,15.4023
16.0867,42.2655,1.3262,4.4084,28.9611,6.9522
19.4701,14.5049,21.6212,14.2937,22.0641,8.0459
31.8921,2.121,3.3876,23.8043,36.9662,1.8289
24.0851,25.265,2.9003,11.9298,11.5995,24.2204
11.7653,13.0338,2.1663,28.7663,36.1557,8.1126
5.1434,14.0545,35.6619,7.3911,3.1868,34.5623
5.9182,35.0588,31.3885,12.1818,5.8076,9.6451
10.6221,12.9028,19.929,22.1672,15.9341,18.4448
12.9958,14.7319,24.1287,28.3511,16.5361,3.2564
15.606,27.0293,24.4762,4.608,22.8338,5.4467
18.1221,21.1392,10.5874,8.9716,17.2566,23.9231
20.2168,16.0714,5.5171,22.5895,12.9018,22.7035
2.3431,25.019,12.1178,18.2584,24.7085,17.5532
13.0619,20.4484,5.5813,26.9086,21.1102,12.8896
12.1378,34.5729,20.4831,1.3739,9.3277,22.1046
33.1471,30.6602,2.1774,3.5515,21.7513,8.7125
23.1395,4.5431,22.9152,9.2443,15.9623,24.1956
22.3704,16.6794,4.5023,18.3632,28.0867,9.9979
16.0829,28.7855,18.1377,2.3379,7.2724,27.3837
3.3893,24.2466,42.0333,3.1554,12.3662,14.8092
15.6638,9.8501,26.5759,17.2345,22.0659,8.6099
21.6139,25.4476,8.6354,20.2592,15.1936,8.8504
31.5042,18.5954,13.2373,1.5946,32.6477,2.4208
21.3276,11.5268,12.3951,26.536,8.6413,19.5731
14.4007,12.1835,13.3668,17.7247,18.0165,24.3078
31.4333,16.5065,10.5492,8.1966,19.5864,13.728
20.1981,16.0652,16.0137,20.1123,20.4609,7.1498
14.3615,19.7765,12.9818,23.5647,18.7771,10.5384
2.5782,32.9243,2.1816,28.646,6.7166,26.9532
14.7931,17.839,23.9243,23.9636,14.2035,5.2766
22.335,18.7613,18.8667,0.7809,21.6325,17.6236
26.3066,21.8164,28.4595,10.2807,3.133,10.0038
7.7802,21.6877,18.0885,21.7867,6.1487,24.5082
20.6246,9.7767,19.0183,0.4351,31.2883,18.857
21.0689,18.8812,19.4583,12.2129,17.4834,10.8953
29.5004,13.6248,12.4922,5.3591,20.9918,18.0318
5.4441,3.942,14.8644,36.9261,24.7908,14.0327
6.894,34.6912,5.3801,28.9084,22.2896,1.8368
12.5974,19.2947,17.9493,6.3331,25.9504,17.8751
30.1784,0.3539,23.2529,15.6878,17.0731,13.4537
22.3008,0.536,27.5354,4.0952,36.6167,8.9159
11.4722,0.7726,13.8467,15.9623,18.8551,39.0911
3.1821,28.0755,18.4391,12.718,28.8829,8.7023
10.674,8.1777,42.6793,19.8386,2.9478,15.6826
16.2393,21.5477,18.0568,21.803,15.7593,6.594
23.9703,6.9943,8.8102,23.9176,8.502,27.8056
24.9824,8.2293,25.4233,2.5199,27.6291,11.2161
