W,Ta,Mo,Nb,Zr,Ti
23.0669,27.0259,27.2177,12.6895,7.6603,2.3397
34.0255,38.2894,1.858,15.8271,4.3988,5.6012
20.4469,37.2822,14.0541,19.061,0.5851,8.5706
38.0255,8.7301,12.7964,36.7705,0.0941,3.5833
27.6113,38.3074,0.3821,32.7294,0.319,0.6508
22.9944,17.8385,16.8094,33.472,8.1284,0.7572
34.5721,15.7553,13.4455,33.7572,0.0001,2.4698
24.3238,13.4336,20.1422,32.1003,7.8979,2.1021
42.7191,34.1374,8.5917,6.1489,7.7238,0.6792
36.8559,27.0691,9.4592,22.6424,2.4556,1.5179
49.7755,24.0261,8.5875,11.3172,5.5663,0.7274
35.9533,31.9324,18.2165,3.8978,4.0796,5.9204
14.3919,51.9333,8.6609,15.0139,7.1449,2.8551
37.4958,17.7224,5.0425,29.7394,5.1358,4.8642
22.2828,17.3453,49.3073,7.291,2.0163,1.7573
8.5806,6.928,59.2388,15.2526,5.5785,4.4215
21.9584,18.4676,23.5321,32.529,0.819,2.6938
41.9618,11.1253,34.1831,7.6163,2.7772,2.3363
53.8923,14.7684,10.1907,18.4366,2.036,0.676
12.9076,33.9359,38.5563,11.4674,2.7946,0.3382
27.7263,19.1431,0.6758,42.4547,4.0145,5.9855
8.1241,39.6632,26.6974,16.5525,8.1656,0.7972
18.4072,23.3323,31.2449,24.5804,1.45,0.9852
4.395,38.453,44.5667,2.5853,3.2921,6.7079
27.6328,22.6705,30.4955,13.6354,3.9524,1.6134
34.7235,10.7334,30.2596,16.8123,6.9425,0.5287
7.6388,8.1591,50.9657,24.4903,3.7008,5.0453
32.1872,29.3384,25.2528,3.5142,1.6956,8.0118
32.8311,20.5522,0.359,36.2577,6.1243,3.8757
23.1594,12.4845,9.7406,46.3653,1.324,6.9264
50.8345,11.3533,6.6926,21.9445,3.0385,6.1365
13.3004,37.3424,22.7014,16.6558,4.2363,5.7637
3.373,31.5704,30.2879,24.7687,2.793,7.207
48.0253,3.7328,24.7964,18.8261,2.9581,1.6612
7.95,25.8442,31.9185,24.2874,1.4165,8.5835
10.3058,45.7137,3.9623,30.6541,1.4352,7.9289
7.0585,10.7671,31.21,40.9644,5.6098,4.3902
13.3375,43.6345,16.9693,16.0587,5.5664,4.4336
23.8875,14.3042,9.0021,42.8062,5.2808,4.7192
29.8861,9.1092,16.1351,34.8696,7.2045,2.7955
41.4497,14.9027,1.4562,32.1914,3.6552,6.3448
2.1106,21.6216,26.0279,40.24,5.0542,4.9458
16.1617,39.8989,5.4166,34.5319,3.1744,0.8166
16.5525,37.2979,8.3641,36.5845,0.5685,0.6325
24.1738,35.16,20.603,10.7507,0.4308,8.8817
21.1356,27.64,26.4771,14.7473,7.1229,2.8771
2.7765,51.7422,34.4959,0.9853,2.3302,7.6698
18.4077,51.2296,0.136,20.2267,5.129,4.871
23.9428,42.8749,5.4666,20.4547,5.2696,1.9914
26.7308,13.9132,42.3858,8.2496,0.7364,7.9843
36.274,20.1629,15.6966,17.8665,6.5258,3.4742
2.0098,25.2159,22.304,41.1713,3.5992,5.6997
35.0744,14.7155,7.5941,32.616,5.2923,4.7077
13.0357,29.0289,20.0156,27.9198,4.7124,5.2876
34.3779,18.2985,12.0926,25.231,5.0088,4.9912
3.3364,14.5047,17.8088,55.0287,7.4872,1.8342
28.3106,50.6391,2.9105,8.1399,2.7929,7.2071
5.8853,49.9343,25.0122,9.1682,5.4403,4.5597
7.0833,42.8963,36.5477,3.4727,8.922,1.078
30.2442,21.0633,22.5221,16.1704,5.8936,4.1064
12.8535,23.8355,20.8398,38.5765,0.0512,3.8434
30.4259,7.9225,45.7876,13.6884,1.4754,0.7002
29.5443,25.5381,19.9231,16.4425,2.4296,6.1226
31.798,5.1701,27.5191,25.5128,6.1363,3.8637
57.353,15.3911,13.849,3.4068,1.4282,8.5718
28.5255,5.7261,40.9763,14.7721,3.7966,6.2034
18.1628,20.861,22.0128,30.3985,4.7824,3.7824
32.5376,12.8205,11.8587,32.7832,5.4119,4.5881
11.6885,12.3572,32.8898,33.0646,7.0934,2.9066
34.6415,44.3347,9.8237,1.2,6.2125,3.7875
39.6779,30.874,17.858,1.5901,7.5089,2.4911
19.1425,33.3526,19.8673,17.6376,6.8609,3.1391
27.3754,15.5326,23.7595,23.8772,3.2646,6.1906
22.1314,38.2523,2.9916,26.6248,7.7173,2.2827
19.1957,25.3601,20.7895,24.6548,4.5973,5.4027
12.4222,52.6873,19.3327,14.2646,0.1393,1.1538
7.3356,36.3068,15.2181,35.3964,0.8862,4.8569
0.4396,14.4864,21.5934,53.4806,5.8327,4.1673
16.6692,26.9042,14.4021,32.0245,1.7521,8.2479
31.1386,25.5906,25.8944,8.7586,5.6751,2.9428
28.6782,6.344,37.7316,21.5932,2.197,3.456
38.2975,14.4131,3.8493,33.4401,5.2666,4.7334
16.7035,8.7124,35.9558,32.8633,1.3203,4.4445
28.3459,13.3579,11.4752,36.821,4.9913,5.0087
43.7433,39.257,0.8496,10.4342,0.6095,5.1064
70.6008,11.8486,2.7944,10.9282,3.4191,0.4089
25.0618,51.2659,3.9444,10.0302,5.0528,4.6449
11.0816,10.6792,45.652,22.5873,7.2265,2.7735
9.7959,25.9619,34.017,22.7344,5.5074,1.9835
15.5631,29.5533,31.9206,18.0885,0.0343,4.8401
31.537,11.0677,20.4982,26.8971,3.8802,6.1198
19.8335,13.9193,29.8463,26.4009,7.5341,2.4659
11.7517,30.1626,5.233,42.8527,5.1311,4.8689
25.7843,11.811,20.913,31.4916,2.7713,7.2287
23.554,23.6478,29.7565,13.0418,5.3775,4.6225
33.8508,14.239,0.3295,41.5807,4.1953,5.8047
34.28,40.6269,14.3205,0.7726,5.9382,4.0618
16.7595,9.9542,33.1583,32.641,2.166,5.3211
25.7926,5.2396,30.7981,35.197,1.0583,1.9144
20.3703,38.112,28.5594,7.1808,3.6639,2.1135
